20161027 155802  00 1B 61 19 80 02 07 80 A1 07 06 05 2B 0C 00 81 5A A2 03 02 01 01 A3 05 A1 03 02 01 01
20161027 155906  00 1B 61 19 80 02 07 80 A1 07 06 05 2B 0C 00 81 5A A2 03 02 01 01 A3 05 A1 03 02 01 01
20161027 155948  00 1B 61 19 80 02 07 80 A1 07 06 05 2B 0C 00 81 5A A2 03 02 01 01 A3 05 A1 03 02 01 01
20161027 160109  00 1B 61 19 80 02 07 80 A1 07 06 05 2B 0C 00 81 5A A2 03 02 01 01 A3 05 A1 03 02 01 01
20161027 160204  00 1B 61 19 80 02 07 80 A1 07 06 05 2B 0C 00 81 5A A2 03 02 01 01 A3 05 A1 03 02 01 01
20161027 160258  00 1B 61 19 80 02 07 80 A1 07 06 05 2B 0C 00 81 5A A2 03 02 01 01 A3 05 A1 03 02 01 01
20161027 161846  00 1B 61 19 80 02 07 80 A1 07 06 05 2B 0C 00 81 5A A2 03 02 01 01 A3 05 A1 03 02 01 01
20161027 162037  00 1B 61 19 80 02 07 80 A1 07 06 05 2B 0C 00 81 5A A2 03 02 01 01 A3 05 A1 03 02 01 01
20161027 162138  00 1B 61 19 80 02 07 80 A1 07 06 05 2B 0C 00 81 5A A2 03 02 01 01 A3 05 A1 03 02 01 01
20161027 162216  00 1B 61 19 80 02 07 80 A1 07 06 05 2B 0C 00 81 5A A2 03 02 01 01 A3 05 A1 03 02 01 01
20161027 162348  00 1B 61 19 80 02 07 80 A1 07 06 05 2B 0C 00 81 5A A2 03 02 01 01 A3 05 A1 03 02 01 01
20161027 162639  00 1B 61 19 80 02 07 80 A1 07 06 05 2B 0C 00 81 5A A2 03 02 01 01 A3 05 A1 03 02 01 01
20161027 162659  00 1B 61 19 80 02 07 80 A1 07 06 05 2B 0C 00 81 5A A2 03 02 01 01 A3 05 A1 03 02 01 01
20161027 162832  00 1B 61 19 80 02 07 80 A1 07 06 05 2B 0C 00 81 5A A2 03 02 01 01 A3 05 A1 03 02 01 01
20161027 162852  00 1B 61 19 80 02 07 80 A1 07 06 05 2B 0C 00 81 5A A2 03 02 01 01 A3 05 A1 03 02 01 01
20161027 164021  00 1B 61 19 80 02 07 80 A1 07 06 05 2B 0C 00 81 5A A2 03 02 01 01 A3 05 A1 03 02 01 01
20161027 164041  00 1B 61 19 80 02 07 80 A1 07 06 05 2B 0C 00 81 5A A2 03 02 01 01 A3 05 A1 03 02 01 01
