20160727 163644  00 31 61 2F 80 02 07 80 A1 07 06 05 2B 0C 00 81 5A A2 03 02 01 00 A3 05 A1 03 02 01 01 BE 14 28 12 06 07 2B 0C 00 82 1D 81 48 A0 07 A0 05 03 03 00 08 00 00 0E A1 0C 02 01 01 02 02 00 D3 30 03 0A 01 02
20160727 163644  00 38 A2 36 02 01 01 30 31 02 01 47 30 2C 55 04 01 11 00 05 A0 24 80 04 06 80 03 C0 86 02 03 70 87 02 06 C0 88 03 05 BA 00 89 03 02 00 34 83 02 05 20 85 02 01 FE 84 02 07 00
20160727 163645  00 38 A2 36 02 01 02 30 31 02 01 47 30 2C 55 04 01 11 00 04 A0 24 80 04 06 80 03 C0 86 02 03 70 87 02 06 C0 88 03 05 BA 00 89 03 02 00 34 83 02 05 20 85 02 01 FE 84 02 07 00
20160727 163650  00 38 A1 36 02 01 02 02 01 15 30 2E 55 04 01 11 00 05 A0 26 B0 24 6B 12 30 10 80 04 30 30 36 33 A1 08 30 06 80 04 32 30 30 36 63 08 30 06 80 04 32 30 30 36 4E 01 01 0A 01 16
20160727 163652  00 38 A1 36 02 01 03 02 01 15 30 2E 55 04 01 11 00 05 A0 26 A3 24 6B 12 30 10 80 04 30 30 36 33 A1 08 30 06 80 04 32 30 30 36 63 08 30 06 80 04 32 30 30 36 4E 01 00 0A 01 30
20160727 163655  00 38 A1 36 02 01 04 02 01 15 30 2E 55 04 01 11 00 05 A0 26 B0 24 6B 12 30 10 80 04 30 30 36 34 A1 08 30 06 80 04 32 30 30 36 63 08 30 06 80 04 32 30 30 36 4E 01 01 0A 01 16
20160727 163657  00 38 A1 36 02 01 05 02 01 15 30 2E 55 04 01 11 00 05 A0 26 A3 24 6B 12 30 10 80 04 30 30 36 34 A1 08 30 06 80 04 32 30 30 36 63 08 30 06 80 04 32 30 30 36 4E 01 00 0A 01 30
20160727 163721  00 31 61 2F 80 02 07 80 A1 07 06 05 2B 0C 00 81 5A A2 03 02 01 00 A3 05 A1 03 02 01 01 BE 14 28 12 06 07 2B 0C 00 82 1D 81 48 A0 07 A0 05 03 03 00 08 00 00 0E A1 0C 02 01 01 02 02 00 D3 30 03 0A 01 02
20160727 163721  00 38 A2 36 02 01 01 30 31 02 01 47 30 2C 55 04 01 11 00 05 A0 24 80 04 06 80 03 C0 86 02 03 70 87 02 06 C0 88 03 05 BA 00 89 03 02 00 34 83 02 05 20 85 02 01 FE 84 02 07 00
20160727 163722  00 38 A2 36 02 01 02 30 31 02 01 47 30 2C 55 04 01 11 00 04 A0 24 80 04 06 80 03 C0 86 02 03 70 87 02 06 C0 88 03 05 BA 00 89 03 02 00 34 83 02 05 20 85 02 01 FE 84 02 07 00
20160727 163723  00 38 A1 36 02 01 02 02 01 15 30 2E 55 04 01 11 00 05 A0 26 B0 24 6B 12 30 10 80 04 30 30 36 35 A1 08 30 06 80 04 32 30 30 36 63 08 30 06 80 04 32 30 30 36 4E 01 01 0A 01 16
20160727 163725  00 38 A1 36 02 01 03 02 01 15 30 2E 55 04 01 11 00 05 A0 26 A3 24 6B 12 30 10 80 04 30 30 36 35 A1 08 30 06 80 04 32 30 30 36 63 08 30 06 80 04 32 30 30 36 4E 01 00 0A 01 30
20160727 163747  00 38 A1 36 02 01 04 02 01 15 30 2E 55 04 01 11 00 05 A0 26 B0 24 6B 12 30 10 80 04 30 30 36 36 A1 08 30 06 80 04 32 30 30 36 63 08 30 06 80 04 32 30 30 36 4E 01 01 0A 01 16
20160727 163749  00 38 A1 36 02 01 05 02 01 15 30 2E 55 04 01 11 00 05 A0 26 A3 24 6B 12 30 10 80 04 30 30 36 36 A1 08 30 06 80 04 32 30 30 36 63 08 30 06 80 04 32 30 30 36 4E 01 00 0A 01 30
20160727 163750  00 38 A1 36 02 01 06 02 01 15 30 2E 55 04 01 11 00 05 A0 26 B0 24 6B 12 30 10 80 04 30 30 36 37 A1 08 30 06 80 04 32 30 30 36 63 08 30 06 80 04 32 30 30 36 4E 01 01 0A 01 16
20160727 163752  00 38 A1 36 02 01 07 02 01 15 30 2E 55 04 01 11 00 05 A0 26 A3 24 6B 12 30 10 80 04 30 30 36 37 A1 08 30 06 80 04 32 30 30 36 63 08 30 06 80 04 32 30 30 36 4E 01 00 0A 01 30
20160727 163826  00 20 A2 1E 02 01 03 30 19 02 01 0A 30 14 6B 12 30 10 80 04 30 30 36 38 A1 08 30 06 80 04 32 30 30 35
20160727 163829  00 38 A1 36 02 01 08 02 01 15 30 2E 55 04 01 11 00 04 A0 26 B0 24 6B 12 30 10 80 04 30 30 36 38 A1 08 30 06 80 04 32 30 30 35 63 08 30 06 80 04 32 30 30 35 4E 01 01 0A 01 2C
20160727 163829  00 42 A1 40 02 01 09 02 01 15 30 38 55 04 01 11 00 04 A0 30 AD 2E 6B 12 30 10 80 04 30 30 36 38 A1 08 30 06 80 04 32 30 30 35 63 08 30 06 80 04 32 30 30 35 62 08 30 06 80 04 32 30 30 36 4E 01 03 0A 01 16 00 50 A1 4E 02 01 0A 02 01 15 30 46 55 04 01 11 00 04 A0 3E A4 3C 6B 12 30 10 80 04 30 30 36 38 A1 08 30 06 80 04 32 30 30 36 63 08 30 06 80 04 32 30 30 36 61 08 30 06 80 04 32 30 30 35 62 08 30 06 80 04 32 30 30 36 64 02 88 00 4E 01 03 0A 01 16 00 50 A1 4E 02 01 0B 02 01 15 30 46 55 04 01 11 00 05 A0 3E A4 3C 6B 12 30 10 80 04 30 30 36 38 A1 08 30 06 80 04 32 30 30 36 63 08 30 06 80 04 32 30 30 36 61 08 30 06 80 04 32 30 30 35 62 08 30 06 80 04 32 30 30 36 64 02 88 00 4E 01 02 0A 01 16 00 32 A1 30 02 01 0C 02 01 15 30 28 55 04 01 11 00 05 A3 20 A8 1E 63 08 30 06 80 04 32 30 30 36 04 01 31 0A 01 00 7E 0C A1 0A A6 08 AD 06 04 04 30 30 36 38
20160727 163831  00 50 A1 4E 02 01 0D 02 01 15 30 46 55 04 01 11 00 04 A0 3E A7 3C 6B 12 30 10 80 04 30 30 36 38 A1 08 30 06 80 04 32 30 30 36 63 08 30 06 80 04 32 30 30 36 61 08 30 06 80 04 32 30 30 35 62 08 30 06 80 04 32 30 30 36 64 02 88 00 4E 01 03 0A 01 16
20160727 163831  00 50 A1 4E 02 01 0E 02 01 15 30 46 55 04 01 11 00 05 A0 3E A7 3C 6B 12 30 10 80 04 30 30 36 38 A1 08 30 06 80 04 32 30 30 36 63 08 30 06 80 04 32 30 30 36 61 08 30 06 80 04 32 30 30 35 62 08 30 06 80 04 32 30 30 36 64 02 88 00 4E 01 03 0A 01 16
20160727 163833  00 38 A1 36 02 01 0F 02 01 15 30 2E 55 04 01 11 00 04 A0 26 A3 24 6B 12 30 10 80 04 30 30 36 38 A1 08 30 06 80 04 32 30 30 35 63 08 30 06 80 04 32 30 30 35 4E 01 00 0A 01 30
20160727 163833  00 38 A1 36 02 01 10 02 01 15 30 2E 55 04 01 11 00 05 A0 26 A3 24 6B 12 30 10 80 04 30 30 36 38 A1 08 30 06 80 04 32 30 30 35 63 08 30 06 80 04 32 30 30 35 4E 01 03 0A 01 30 00 50 A1 4E 02 01 11 02 01 15 30 46 55 04 01 11 00 05 A0 3E A8 3C 6B 12 30 10 80 04 30 30 36 38 A1 08 30 06 80 04 32 30 30 36 63 08 30 06 80 04 32 30 30 36 61 08 30 06 80 04 32 30 30 35 62 08 30 06 80 04 32 30 30 36 64 02 88 00 4E 01 06 0A 01 23 00 38 A1 36 02 01 12 02 01 15 30 2E 55 04 01 11 00 05 A0 26 A3 24 6B 12 30 10 80 04 30 30 36 38 A1 08 30 06 80 04 32 30 30 36 63 08 30 06 80 04 32 30 30 36 4E 01 00 0A 01 30
