20160728 141551  00 31 61 2F 80 02 07 80 A1 07 06 05 2B 0C 00 81 5A A2 03 02 01 00 A3 05 A1 03 02 01 01 BE 14 28 12 06 07 2B 0C 00 82 1D 81 48 A0 07 A0 05 03 03 00 08 00 00 0E A1 0C 02 01 01 02 02 00 D3 30 03 0A 01 02
20160728 141551  00 38 A2 36 02 01 01 30 31 02 01 47 30 2C 55 04 01 11 00 05 A0 24 80 04 06 80 03 C0 86 02 03 70 87 02 06 C0 88 03 05 BA 00 89 03 02 00 34 83 02 05 20 85 02 01 FE 84 02 07 00
20160728 141552  00 38 A2 36 02 01 02 30 31 02 01 47 30 2C 55 04 01 11 00 04 A0 24 80 04 06 80 03 C0 86 02 03 70 87 02 06 C0 88 03 05 BA 00 89 03 02 00 34 83 02 05 20 85 02 01 FE 84 02 07 00
20160728 143156  00 31 61 2F 80 02 07 80 A1 07 06 05 2B 0C 00 81 5A A2 03 02 01 00 A3 05 A1 03 02 01 01 BE 14 28 12 06 07 2B 0C 00 82 1D 81 48 A0 07 A0 05 03 03 00 08 00 00 0E A1 0C 02 01 01 02 02 00 D3 30 03 0A 01 02
20160728 143156  00 38 A2 36 02 01 01 30 31 02 01 47 30 2C 55 04 01 11 00 05 A0 24 80 04 06 80 03 C0 86 02 03 70 87 02 06 C0 88 03 05 BA 00 89 03 02 00 34 83 02 05 20 85 02 01 FE 84 02 07 00
20160728 143157  00 38 A2 36 02 01 02 30 31 02 01 47 30 2C 55 04 01 11 00 04 A0 24 80 04 06 80 03 C0 86 02 03 70 87 02 06 C0 88 03 05 BA 00 89 03 02 00 34 83 02 05 20 85 02 01 FE 84 02 07 00
20160728 144319  00 31 61 2F 80 02 07 80 A1 07 06 05 2B 0C 00 81 5A A2 03 02 01 00 A3 05 A1 03 02 01 01 BE 14 28 12 06 07 2B 0C 00 82 1D 81 48 A0 07 A0 05 03 03 00 08 00 00 0E A1 0C 02 01 01 02 02 00 D3 30 03 0A 01 02
20160728 144320  00 38 A2 36 02 01 01 30 31 02 01 47 30 2C 55 04 01 11 00 05 A0 24 80 04 06 80 03 C0 86 02 03 70 87 02 06 C0 88 03 05 BA 00 89 03 02 00 34 83 02 05 20 85 02 01 FE 84 02 07 00
20160728 144321  00 38 A2 36 02 01 02 30 31 02 01 47 30 2C 55 04 01 11 00 04 A0 24 80 04 06 80 03 C0 86 02 03 70 87 02 06 C0 88 03 05 BA 00 89 03 02 00 34 83 02 05 20 85 02 01 FE 84 02 07 00
20160728 144322  00 31 61 2F 80 02 07 80 A1 07 06 05 2B 0C 00 81 5A A2 03 02 01 00 A3 05 A1 03 02 01 01 BE 14 28 12 06 07 2B 0C 00 82 1D 81 48 A0 07 A0 05 03 03 00 08 00 00 0E A1 0C 02 01 01 02 02 00 D3 30 03 0A 01 02
