20130104 000416  26 80 4A 61 48 A1 07 06 05 2B 0C 00 81 5A A2 03 02 01 00 A3 05 A1 03 02 01 00 88 02 06 80 AA 21 A2 1F A0 1D A1 1B 04 10 48 45 36 39 32 53 2E 30 30 2E 30 32 37 3A 36 30 04 07 30 32 37 2E 30 30 30 BE 0A 28 08 A0 06 A0 04 03 02 04 10
20130104 000416  26 80 0E A1 0C 02 01 01 02 02 00 D3 30 03 0A 01 02
20130104 000416  26 80 2E A2 2C 02 01 01 30 27 02 01 33 7E 22 A1 20 E1 1E 06 06 2B 0C 02 88 53 0F 04 14 1A 04 06 C4 22 04 02 00 B8 06 FF 12 01 00 B9 06 FF 06 21 39
20130104 000417  26 80 10 A2 0E 02 01 02 30 09 02 01 47 30 04 55 02 00 00
20130104 000722  26 80 4A 61 48 A1 07 06 05 2B 0C 00 81 5A A2 03 02 01 00 A3 05 A1 03 02 01 00 88 02 06 80 AA 21 A2 1F A0 1D A1 1B 04 10 48 45 36 39 32 53 2E 30 30 2E 30 32 37 3A 36 30 04 07 30 32 37 2E 30 30 30 BE 0A 28 08 A0 06 A0 04 03 02 04 10
20130104 000722  26 80 0E A1 0C 02 01 01 02 02 00 D3 30 03 0A 01 02
20130104 000723  26 80 2E A2 2C 02 01 01 30 27 02 01 33 7E 22 A1 20 E1 1E 06 06 2B 0C 02 88 53 0F 04 14 1A 04 06 C4 22 04 02 01 B8 06 FF 12 01 00 B9 06 FF 06 25 04
20130104 000724  26 80 10 A2 0E 02 01 02 30 09 02 01 47 30 04 55 02 00 01
20130104 000804  26 80 4A 61 48 A1 07 06 05 2B 0C 00 81 5A A2 03 02 01 00 A3 05 A1 03 02 01 00 88 02 06 80 AA 21 A2 1F A0 1D A1 1B 04 10 48 45 36 39 32 53 2E 30 30 2E 30 32 37 3A 36 30 04 07 30 32 37 2E 30 30 30 BE 0A 28 08 A0 06 A0 04 03 02 04 10
20130104 000804  26 80 0E A1 0C 02 01 01 02 02 00 D3 30 03 0A 01 02
20130104 000804  26 80 2E A2 2C 02 01 01 30 27 02 01 33 7E 22 A1 20 E1 1E 06 06 2B 0C 02 88 53 0F 04 14 1A 04 06 C4 22 04 02 00 B8 06 FF 12 01 00 B9 06 FF 06 25 2D
20130104 000805  26 80 10 A2 0E 02 01 02 30 09 02 01 47 30 04 55 02 00 00
20130104 010407  26 80 4A 61 48 A1 07 06 05 2B 0C 00 81 5A A2 03 02 01 00 A3 05 A1 03 02 01 00 88 02 06 80 AA 21 A2 1F A0 1D A1 1B 04 10 48 45 36 39 32 53 2E 30 30 2E 30 32 37 3A 36 30 04 07 30 32 37 2E 30 30 30 BE 0A 28 08 A0 06 A0 04 03 02 04 10
20130104 010407  26 80 0E A1 0C 02 01 01 02 02 00 D3 30 03 0A 01 02
20130104 010407  26 80 2E A2 2C 02 01 01 30 27 02 01 33 7E 22 A1 20 E1 1E 06 06 2B 0C 02 88 53 0F 04 14 1A 04 06 C4 22 04 02 01 B8 06 FF 12 01 00 B9 06 FF 07 21 30
20130104 010408  26 80 10 A2 0E 02 01 02 30 09 02 01 47 30 04 55 02 00 00
20130104 010437  26 80 2A A1 28 02 01 1F 02 01 33 30 20 E1 1E 06 06 2B 0C 02 88 53 0F 04 14 1A 04 06 C4 22 04 02 01 B8 06 FF 12 01 00 B9 06 FF 07 22 12
20130104 010507  26 80 2A A1 28 02 01 21 02 01 33 30 20 E1 1E 06 06 2B 0C 02 88 53 0F 04 14 1A 04 06 C4 22 04 02 01 B8 06 FF 12 01 00 B9 06 FF 07 22 30
20130104 010537  26 80 2A A1 28 02 01 24 02 01 33 30 20 E1 1E 06 06 2B 0C 02 88 53 0F 04 14 1A 04 06 C4 22 04 02 01 B8 06 FF 12 01 00 B9 06 FF 07 23 12
20130104 010607  26 80 2A A1 28 02 01 27 02 01 33 30 20 E1 1E 06 06 2B 0C 02 88 53 0F 04 14 1A 04 06 C4 22 04 02 01 B8 06 FF 12 01 00 B9 06 FF 07 23 30
20130104 010637  26 80 2A A1 28 02 01 28 02 01 33 30 20 E1 1E 06 06 2B 0C 02 88 53 0F 04 14 1A 04 06 C4 22 04 02 01 B8 06 FF 12 01 00 B9 06 FF 07 24 12
20130104 010707  26 80 2A A1 28 02 01 29 02 01 33 30 20 E1 1E 06 06 2B 0C 02 88 53 0F 04 14 1A 04 06 C4 22 04 02 01 B8 06 FF 12 01 00 B9 06 FF 07 24 30
20130104 010737  26 80 2A A1 28 02 01 2A 02 01 33 30 20 E1 1E 06 06 2B 0C 02 88 53 0F 04 14 1A 04 06 C4 22 04 02 01 B8 06 FF 12 01 00 B9 06 FF 07 25 12
20130104 010807  26 80 2A A1 28 02 01 2B 02 01 33 30 20 E1 1E 06 06 2B 0C 02 88 53 0F 04 14 1A 04 06 C4 22 04 02 01 B8 06 FF 12 01 00 B9 06 FF 07 25 30
20130104 010837  26 80 2A A1 28 02 01 2C 02 01 33 30 20 E1 1E 06 06 2B 0C 02 88 53 0F 04 14 1A 04 06 C4 22 04 02 01 B8 06 FF 12 01 00 B9 06 FF 07 26 12
20130104 010907  26 80 2A A1 28 02 01 2D 02 01 33 30 20 E1 1E 06 06 2B 0C 02 88 53 0F 04 14 1A 04 06 C4 22 04 02 01 B8 06 FF 12 01 00 B9 06 FF 07 26 30
20130104 010937  26 80 2A A1 28 02 01 2E 02 01 33 30 20 E1 1E 06 06 2B 0C 02 88 53 0F 04 14 1A 04 06 C4 22 04 02 01 B8 06 FF 12 01 00 B9 06 FF 07 27 12
20130104 011007  26 80 2A A1 28 02 01 2F 02 01 33 30 20 E1 1E 06 06 2B 0C 02 88 53 0F 04 14 1A 04 06 C4 22 04 02 01 B8 06 FF 12 01 00 B9 06 FF 07 27 30
20130104 011037  26 80 2A A1 28 02 01 31 02 01 33 30 20 E1 1E 06 06 2B 0C 02 88 53 0F 04 14 1A 04 06 C4 22 04 02 01 B8 06 FF 12 01 00 B9 06 FF 07 28 12
20130104 011107  26 80 2A A1 28 02 01 33 02 01 33 30 20 E1 1E 06 06 2B 0C 02 88 53 0F 04 14 1A 04 06 C4 22 04 02 01 B8 06 FF 12 01 00 B9 06 FF 07 28 30
20130104 011137  26 80 2A A1 28 02 01 34 02 01 33 30 20 E1 1E 06 06 2B 0C 02 88 53 0F 04 14 1A 04 06 C4 22 04 02 01 B8 06 FF 12 01 00 B9 06 FF 07 29 12
20130104 011207  26 80 2A A1 28 02 01 35 02 01 33 30 20 E1 1E 06 06 2B 0C 02 88 53 0F 04 14 1A 04 06 C4 22 04 02 01 B8 06 FF 12 01 00 B9 06 FF 07 29 30
20130104 011237  26 80 2A A1 28 02 01 36 02 01 33 30 20 E1 1E 06 06 2B 0C 02 88 53 0F 04 14 1A 04 06 C4 22 04 02 01 B8 06 FF 12 01 00 B9 06 FF 07 2A 12
20130104 011307  26 80 2A A1 28 02 01 37 02 01 33 30 20 E1 1E 06 06 2B 0C 02 88 53 0F 04 14 1A 04 06 C4 22 04 02 01 B8 06 FF 12 01 00 B9 06 FF 07 2A 30
20130104 011337  26 80 2A A1 28 02 01 38 02 01 33 30 20 E1 1E 06 06 2B 0C 02 88 53 0F 04 14 1A 04 06 C4 22 04 02 01 B8 06 FF 12 01 00 B9 06 FF 07 2B 12
20130104 011407  26 80 2A A1 28 02 01 39 02 01 33 30 20 E1 1E 06 06 2B 0C 02 88 53 0F 04 14 1A 04 06 C4 22 04 02 01 B8 06 FF 12 01 00 B9 06 FF 07 2B 30
20130104 011437  26 80 2A A1 28 02 01 3A 02 01 33 30 20 E1 1E 06 06 2B 0C 02 88 53 0F 04 14 1A 04 06 C4 22 04 02 01 B8 06 FF 12 01 00 B9 06 FF 07 2C 12
20130104 011507  26 80 2A A1 28 02 01 3B 02 01 33 30 20 E1 1E 06 06 2B 0C 02 88 53 0F 04 14 1A 04 06 C4 22 04 02 01 B8 06 FF 12 01 00 B9 06 FF 07 2C 30
20130104 011537  26 80 2A A1 28 02 01 3C 02 01 33 30 20 E1 1E 06 06 2B 0C 02 88 53 0F 04 14 1A 04 06 C4 22 04 02 01 B8 06 FF 12 01 00 B9 06 FF 07 2D 12
20130104 011607  26 80 2A A1 28 02 01 3D 02 01 33 30 20 E1 1E 06 06 2B 0C 02 88 53 0F 04 14 1A 04 06 C4 22 04 02 01 B8 06 FF 12 01 00 B9 06 FF 07 2D 30
20130104 011637  26 80 2A A1 28 02 01 3E 02 01 33 30 20 E1 1E 06 06 2B 0C 02 88 53 0F 04 14 1A 04 06 C4 22 04 02 01 B8 06 FF 12 01 00 B9 06 FF 07 2E 12
20130104 011707  26 80 2A A1 28 02 01 3F 02 01 33 30 20 E1 1E 06 06 2B 0C 02 88 53 0F 04 14 1A 04 06 C4 22 04 02 01 B8 06 FF 12 01 00 B9 06 FF 07 2E 30
20130104 011737  26 80 2A A1 28 02 01 40 02 01 33 30 20 E1 1E 06 06 2B 0C 02 88 53 0F 04 14 1A 04 06 C4 22 04 02 01 B8 06 FF 12 01 00 B9 06 FF 07 2F 12
20130104 011807  26 80 2A A1 28 02 01 41 02 01 33 30 20 E1 1E 06 06 2B 0C 02 88 53 0F 04 14 1A 04 06 C4 22 04 02 01 B8 06 FF 12 01 00 B9 06 FF 07 2F 30
20130104 011837  26 80 2A A1 28 02 01 42 02 01 33 30 20 E1 1E 06 06 2B 0C 02 88 53 0F 04 14 1A 04 06 C4 22 04 02 01 B8 06 FF 12 01 00 B9 06 FF 07 30 12
20130104 011907  26 80 2A A1 28 02 01 44 02 01 33 30 20 E1 1E 06 06 2B 0C 02 88 53 0F 04 14 1A 04 06 C4 22 04 02 01 B8 06 FF 12 01 00 B9 06 FF 07 30 30
20130104 011937  26 80 2A A1 28 02 01 45 02 01 33 30 20 E1 1E 06 06 2B 0C 02 88 53 0F 04 14 1A 04 06 C4 22 04 02 01 B8 06 FF 12 01 00 B9 06 FF 07 31 12
20130104 012007  26 80 2A A1 28 02 01 46 02 01 33 30 20 E1 1E 06 06 2B 0C 02 88 53 0F 04 14 1A 04 06 C4 22 04 02 01 B8 06 FF 12 01 00 B9 06 FF 07 31 30
20130104 012037  26 80 2A A1 28 02 01 47 02 01 33 30 20 E1 1E 06 06 2B 0C 02 88 53 0F 04 14 1A 04 06 C4 22 04 02 01 B8 06 FF 12 01 00 B9 06 FF 07 32 12
20130104 012104  26 80 4A 61 48 A1 07 06 05 2B 0C 00 81 5A A2 03 02 01 00 A3 05 A1 03 02 01 00 88 02 06 80 AA 21 A2 1F A0 1D A1 1B 04 10 48 45 36 39 32 53 2E 30 30 2E 30 32 37 3A 36 30 04 07 30 32 37 2E 30 30 30 BE 0A 28 08 A0 06 A0 04 03 02 04 10
20130104 012104  26 80 0E A1 0C 02 01 01 02 02 00 D3 30 03 0A 01 02
20130104 012104  26 80 2E A2 2C 02 01 01 30 27 02 01 33 7E 22 A1 20 E1 1E 06 06 2B 0C 02 88 53 0F 04 14 1A 04 06 C4 22 04 02 00 B8 06 FF 12 01 00 B9 06 FF 07 32 2D
20130104 012105  26 80 10 A2 0E 02 01 02 30 09 02 01 47 30 04 55 02 00 01
20130104 012107  26 80 2A A1 28 02 01 48 02 01 33 30 20 E1 1E 06 06 2B 0C 02 88 53 0F 04 14 1A 04 06 C4 22 04 02 01 B8 06 FF 12 01 00 B9 06 FF 07 32 30
