20121229 190457  26 80 2A A1 28 02 01 03 02 01 33 30 20 E1 1E 06 06 2B 0C 02 88 53 0F 04 14 1A 04 06 C4 22 04 02 00 B8 06 FF 0D 01 00 B9 06 FF 00 2B 2F
20121229 190527  26 80 2A A1 28 02 01 04 02 01 33 30 20 E1 1E 06 06 2B 0C 02 88 53 0F 04 14 1A 04 06 C4 22 04 02 00 B8 06 FF 0D 01 00 B9 06 FF 00 2C 11
20121229 190728  26 80 4A 61 48 A1 07 06 05 2B 0C 00 81 5A A2 03 02 01 00 A3 05 A1 03 02 01 00 88 02 06 80 AA 21 A2 1F A0 1D A1 1B 04 10 48 45 36 39 32 53 2E 30 30 2E 30 32 37 3A 36 30 04 07 30 32 37 2E 30 30 30 BE 0A 28 08 A0 06 A0 04 03 02 04 10
20121229 190728  26 80 0E A1 0C 02 01 01 02 02 00 D3 30 03 0A 01 02
20121229 190728  26 80 2E A2 2C 02 01 01 30 27 02 01 33 7E 22 A1 20 E1 1E 06 06 2B 0C 02 88 53 0F 04 14 1A 04 06 C4 22 04 02 00 B8 06 FF 0D 01 00 B9 06 FF 00 2E 13
20121229 190729  26 80 10 A2 0E 02 01 02 30 09 02 01 47 30 04 55 02 00 00
20121229 190758  26 80 2A A1 28 02 01 05 02 01 33 30 20 E1 1E 06 06 2B 0C 02 88 53 0F 04 14 1A 04 06 C4 22 04 02 00 B8 06 FF 0D 01 00 B9 06 FF 00 2E 31
20121229 190828  26 80 2A A1 28 02 01 06 02 01 33 30 20 E1 1E 06 06 2B 0C 02 88 53 0F 04 14 1A 04 06 C4 22 04 02 00 B8 06 FF 0D 01 00 B9 06 FF 00 2F 13
20121229 190858  26 80 2A A1 28 02 01 07 02 01 33 30 20 E1 1E 06 06 2B 0C 02 88 53 0F 04 14 1A 04 06 C4 22 04 02 00 B8 06 FF 0D 01 00 B9 06 FF 00 2F 31
20121229 190927  26 80 35 A1 33 02 01 08 02 01 15 30 2B 55 02 00 00 A3 25 A3 23 63 07 30 05 80 03 31 30 38 04 01 01 01 01 00 7E 12 A0 10 18 0E 32 30 30 30 30 31 31 33 30 30 34 38 31 37
20121229 190927  26 80 70 A1 6E 02 01 09 02 01 15 30 66 55 02 00 00 A0 60 B0 5E 6B 0F 30 0D 80 02 00 01 A1 07 30 05 80 03 31 30 38 63 07 30 05 80 03 31 30 38 4E 01 01 0A 01 16 A5 28 30 12 81 10 07 CE 66 14 B8 FA 36 48 01 00 80 00 00 00 00 01 30 12 81 10 07 CE 66 14 B8 FA 36 48 01 00 80 00 00 00 00 01 7E 12 A0 10 18 0E 32 30 30 30 30 31 31 33 30 30 34 38 31 37
20121229 190928  26 80 2A A1 28 02 01 0A 02 01 33 30 20 E1 1E 06 06 2B 0C 02 88 53 0F 04 14 1A 04 06 C4 22 04 02 00 B8 06 FF 0D 01 00 B9 06 FF 00 30 13
20121229 190934  26 80 35 A1 33 02 01 0B 02 01 15 30 2B 55 02 00 00 A3 25 A3 23 63 07 30 05 80 03 31 30 38 04 01 01 01 01 FF 7E 12 A0 10 18 0E 32 30 30 30 30 31 31 33 30 30 34 38 32 34
20121229 190934  26 80 70 A1 6E 02 01 0C 02 01 15 30 66 55 02 00 00 A0 60 A3 5E 6B 0F 30 0D 80 02 00 01 A1 07 30 05 80 03 31 30 38 63 07 30 05 80 03 31 30 38 4E 01 00 0A 01 30 A6 28 30 12 81 10 07 CE 66 14 B8 FA 36 48 01 00 80 00 00 00 00 01 30 12 81 10 07 CE 66 14 B8 FA 36 48 01 00 80 00 00 00 00 01 7E 12 A0 10 18 0E 32 30 30 30 30 31 31 33 30 30 34 38 32 34
20121229 190945  26 80 1D A2 1B 02 01 03 30 16 02 01 0A 30 11 6B 0F 30 0D 80 02 00 02 A1 07 30 05 80 03 31 30 38
20121229 190945  26 80 70 A1 6E 02 01 0D 02 01 15 30 66 55 02 00 00 A0 60 B0 5E 6B 0F 30 0D 80 02 00 02 A1 07 30 05 80 03 31 30 38 63 07 30 05 80 03 31 30 38 4E 01 01 0A 01 2C A5 28 30 12 81 10 00 6B EF 4C B8 FA 36 48 01 00 80 00 00 00 00 02 30 12 81 10 00 6B EF 4C B8 FA 36 48 01 00 80 00 00 00 00 02 7E 12 A0 10 18 0E 32 30 30 30 30 31 31 33 30 30 34 38 33 35
20121229 190946  26 80 35 A1 33 02 01 0E 02 01 15 30 2B 55 02 00 00 A3 25 A3 23 63 07 30 05 80 03 31 30 38 04 01 01 01 01 00 7E 12 A0 10 18 0E 32 30 30 30 30 31 31 33 30 30 34 38 33 37
20121229 190946  26 80 79 A1 77 02 01 0F 02 01 15 30 6F 55 02 00 00 A0 69 AD 67 6B 0F 30 0D 80 02 00 02 A1 07 30 05 80 03 31 30 38 63 07 30 05 80 03 31 30 38 62 07 30 05 80 03 31 31 31 4E 01 03 0A 01 16 A7 28 30 12 81 10 00 6B EF 4C B8 FA 36 48 01 00 80 00 00 00 00 02 30 12 81 10 00 6B EF 4C B8 FA 36 48 01 00 80 00 00 00 00 02 7E 12 A0 10 18 0E 32 30 30 30 30 31 31 33 30 30 34 38 33 37
20121229 190947  26 80 9B A1 81 98 02 01 10 02 01 15 30 81 8F 55 02 00 00 A0 81 88 A4 81 85 6B 0F 30 0D 80 02 00 02 A1 07 30 05 80 03 31 31 31 63 07 30 05 80 03 31 31 31 61 07 30 05 80 03 31 30 38 62 07 30 05 80 03 31 31 31 64 02 87 00 6B 0F 30 0D 80 02 00 02 A1 07 30 05 80 03 31 30 38 4E 01 03 0A 01 16 A5 28 30 12 81 10 00 6B EF 4C B8 FA 36 48 01 00 80 00 00 00 00 02 30 12 81 10 00 6B EF 4C B8 FA 36 48 01 00 80 00 00 00 00 02 7E 12 A0 10 18 0E 32 30 30 30 30 31 31 33 30 30 34 38 33 37
20121229 190954  26 80 35 A1 33 02 01 11 02 01 15 30 2B 55 02 00 00 A3 25 A3 23 63 07 30 05 80 03 31 30 38 04 01 01 01 01 FF 7E 12 A0 10 18 0E 32 30 30 30 30 31 31 33 30 30 34 38 34 34
20121229 190954  26 80 70 A1 6E 02 01 12 02 01 15 30 66 55 02 00 00 A0 60 A3 5E 6B 0F 30 0D 80 02 00 02 A1 07 30 05 80 03 31 30 38 63 07 30 05 80 03 31 30 38 4E 01 00 0A 01 30 A6 28 30 12 81 10 00 6B EF 4C B8 FA 36 48 01 00 80 00 00 00 00 02 30 12 81 10 00 6B EF 4C B8 FA 36 48 01 00 80 00 00 00 00 02 7E 12 A0 10 18 0E 32 30 30 30 30 31 31 33 30 30 34 38 34 35
20121229 190958  26 80 2A A1 28 02 01 13 02 01 33 30 20 E1 1E 06 06 2B 0C 02 88 53 0F 04 14 1A 04 06 C4 22 04 02 00 B8 06 FF 0D 01 00 B9 06 FF 00 30 31
20121229 191009  26 80 0D A3 0B 02 01 04 02 01 01 A0 03 0A 01 06
20121229 191025  26 80 1D A2 1B 02 01 05 30 16 02 01 0A 30 11 6B 0F 30 0D 80 02 00 03 A1 07 30 05 80 03 31 30 38
20121229 191026  26 80 70 A1 6E 02 01 14 02 01 15 30 66 55 02 00 00 A0 60 B0 5E 6B 0F 30 0D 80 02 00 03 A1 07 30 05 80 03 31 30 38 63 07 30 05 80 03 31 30 38 4E 01 01 0A 01 2C A5 28 30 12 81 10 06 58 2A D2 B8 FA 36 48 01 00 80 00 00 00 00 03 30 12 81 10 06 58 2A D2 B8 FA 36 48 01 00 80 00 00 00 00 03 7E 12 A0 10 18 0E 32 30 30 30 30 31 31 33 30 30 34 39 31 36
20121229 191027  26 80 35 A1 33 02 01 15 02 01 15 30 2B 55 02 00 00 A3 25 A3 23 63 07 30 05 80 03 31 30 38 04 01 01 01 01 00 7E 12 A0 10 18 0E 32 30 30 30 30 31 31 33 30 30 34 39 31 38
20121229 191028  26 80 79 A1 77 02 01 16 02 01 15 30 6F 55 02 00 00 A0 69 AD 67 6B 0F 30 0D 80 02 00 03 A1 07 30 05 80 03 31 30 38 63 07 30 05 80 03 31 30 38 62 07 30 05 80 03 31 31 31 4E 01 03 0A 01 16 A7 28 30 12 81 10 06 58 2A D2 B8 FA 36 48 01 00 80 00 00 00 00 03 30 12 81 10 06 58 2A D2 B8 FA 36 48 01 00 80 00 00 00 00 03 7E 12 A0 10 18 0E 32 30 30 30 30 31 31 33 30 30 34 39 31 38
20121229 191028  26 80 9B A1 81 98 02 01 17 02 01 15 30 81 8F 55 02 00 00 A0 81 88 A4 81 85 6B 0F 30 0D 80 02 00 03 A1 07 30 05 80 03 31 31 31 63 07 30 05 80 03 31 31 31 61 07 30 05 80 03 31 30 38 62 07 30 05 80 03 31 31 31 64 02 87 00 6B 0F 30 0D 80 02 00 03 A1 07 30 05 80 03 31 30 38 4E 01 03 0A 01 16 A5 28 30 12 81 10 06 58 2A D2 B8 FA 36 48 01 00 80 00 00 00 00 03 30 12 81 10 06 58 2A D2 B8 FA 36 48 01 00 80 00 00 00 00 03 7E 12 A0 10 18 0E 32 30 30 30 30 31 31 33 30 30 34 39 31 38
20121229 191028  26 80 2A A1 28 02 01 18 02 01 33 30 20 E1 1E 06 06 2B 0C 02 88 53 0F 04 14 1A 04 06 C4 22 04 02 00 B8 06 FF 0D 01 00 B9 06 FF 00 31 13
20121229 191041  26 80 35 A1 33 02 01 19 02 01 15 30 2B 55 02 00 00 A3 25 A3 23 63 07 30 05 80 03 31 30 38 04 01 01 01 01 FF 7E 12 A0 10 18 0E 32 30 30 30 30 31 31 33 30 30 34 39 33 31
20121229 191041  26 80 70 A1 6E 02 01 1A 02 01 15 30 66 55 02 00 00 A0 60 A3 5E 6B 0F 30 0D 80 02 00 03 A1 07 30 05 80 03 31 30 38 63 07 30 05 80 03 31 30 38 4E 01 00 0A 01 30 A6 28 30 12 81 10 06 58 2A D2 B8 FA 36 48 01 00 80 00 00 00 00 03 30 12 81 10 06 58 2A D2 B8 FA 36 48 01 00 80 00 00 00 00 03 7E 12 A0 10 18 0E 32 30 30 30 30 31 31 33 30 30 34 39 33 31
20121229 191049  26 80 1D A2 1B 02 01 06 30 16 02 01 0A 30 11 6B 0F 30 0D 80 02 00 04 A1 07 30 05 80 03 31 30 38
20121229 191049  26 80 70 A1 6E 02 01 1B 02 01 15 30 66 55 02 00 00 A0 60 B0 5E 6B 0F 30 0D 80 02 00 04 A1 07 30 05 80 03 31 30 38 63 07 30 05 80 03 31 30 38 4E 01 01 0A 01 2C A5 28 30 12 81 10 01 DA E8 9A B8 FA 36 48 01 00 80 00 00 00 00 04 30 12 81 10 01 DA E8 9A B8 FA 36 48 01 00 80 00 00 00 00 04 7E 12 A0 10 18 0E 32 30 30 30 30 31 31 33 30 30 34 39 33 39
20121229 191050  26 80 35 A1 33 02 01 1C 02 01 15 30 2B 55 02 00 00 A3 25 A3 23 63 07 30 05 80 03 31 30 38 04 01 01 01 01 00 7E 12 A0 10 18 0E 32 30 30 30 30 31 31 33 30 30 34 39 34 31
20121229 191050  26 80 74 A1 72 02 01 1D 02 01 15 30 6A 55 02 00 00 A0 64 AD 62 6B 0F 30 0D 80 02 00 04 A1 07 30 05 80 03 31 30 38 63 07 30 05 80 03 31 30 38 62 02 87 00 4E 01 03 0A 01 16 A7 28 30 12 81 10 01 DA E8 9A B8 FA 36 48 01 00 80 00 00 00 00 04 30 12 81 10 01 DA E8 9A B8 FA 36 48 01 00 80 00 00 00 00 04 7E 12 A0 10 18 0E 32 30 30 30 30 31 31 33 30 30 34 39 34 31
20121229 191050  26 80 81 A1 7F 02 01 1E 02 01 15 30 77 55 02 00 00 A0 71 A8 6F 6B 0F 30 0D 80 02 00 04 A1 07 30 05 80 03 31 30 38 63 07 30 05 80 03 31 30 38 61 07 30 05 80 03 31 30 38 62 02 87 00 64 02 87 00 4E 01 06 0A 01 0D A5 28 30 12 81 10 01 DA E8 9A B8 FA 36 48 01 00 80 00 00 00 00 04 30 12 81 10 01 DA E8 9A B8 FA 36 48 01 00 80 00 00 00 00 04 7E 12 A0 10 18 0E 32 30 30 30 30 31 31 33 30 30 34 39 34 31
20121229 191058  26 80 2A A1 28 02 01 1F 02 01 33 30 20 E1 1E 06 06 2B 0C 02 88 53 0F 04 14 1A 04 06 C4 22 04 02 00 B8 06 FF 0D 01 00 B9 06 FF 00 31 31
20121229 191103  26 80 35 A1 33 02 01 20 02 01 15 30 2B 55 02 00 00 A3 25 A3 23 63 07 30 05 80 03 31 30 38 04 01 01 01 01 FF 7E 12 A0 10 18 0E 32 30 30 30 30 31 31 33 30 30 34 39 35 33
20121229 191103  26 80 70 A1 6E 02 01 21 02 01 15 30 66 55 02 00 00 A0 60 A3 5E 6B 0F 30 0D 80 02 00 04 A1 07 30 05 80 03 31 30 38 63 07 30 05 80 03 31 30 38 4E 01 00 0A 01 30 A6 28 30 12 81 10 01 DA E8 9A B8 FA 36 48 01 00 80 00 00 00 00 04 30 12 81 10 01 DA E8 9A B8 FA 36 48 01 00 80 00 00 00 00 04 7E 12 A0 10 18 0E 32 30 30 30 30 31 31 33 30 30 34 39 35 33
20121229 191554  26 80 4A 61 48 A1 07 06 05 2B 0C 00 81 5A A2 03 02 01 00 A3 05 A1 03 02 01 00 88 02 06 80 AA 21 A2 1F A0 1D A1 1B 04 10 48 45 36 39 32 53 2E 30 30 2E 30 32 37 3A 36 30 04 07 30 32 37 2E 30 30 30 BE 0A 28 08 A0 06 A0 04 03 02 04 10
20121229 191554  26 80 0E A1 0C 02 01 01 02 02 00 D3 30 03 0A 01 02
20121229 191554  26 80 2E A2 2C 02 01 01 30 27 02 01 33 7E 22 A1 20 E1 1E 06 06 2B 0C 02 88 53 0F 04 14 1A 04 06 C4 22 04 02 00 B8 06 FF 0D 01 00 B9 06 FF 00 36 2C
20121229 191555  26 80 10 A2 0E 02 01 02 30 09 02 01 47 30 04 55 02 00 00
20121229 191602  26 80 35 A1 33 02 01 22 02 01 15 30 2B 55 02 00 00 A3 25 A3 23 63 07 30 05 80 03 31 30 38 04 01 01 01 01 00 7E 12 A0 10 18 0E 32 30 30 30 30 31 31 33 30 30 35 34 35 32
20121229 191602  26 80 70 A1 6E 02 01 23 02 01 15 30 66 55 02 00 00 A0 60 B0 5E 6B 0F 30 0D 80 02 00 05 A1 07 30 05 80 03 31 30 38 63 07 30 05 80 03 31 30 38 4E 01 01 0A 01 16 A5 28 30 12 81 10 02 6C 79 C8 78 FA 36 48 01 00 80 00 00 00 00 05 30 12 81 10 02 6C 79 C8 78 FA 36 48 01 00 80 00 00 00 00 05 7E 12 A0 10 18 0E 32 30 30 30 30 31 31 33 30 30 35 34 35 32
20121229 191606  26 80 35 A1 33 02 01 24 02 01 15 30 2B 55 02 00 00 A3 25 A3 23 63 07 30 05 80 03 31 30 38 04 01 01 01 01 FF 7E 12 A0 10 18 0E 32 30 30 30 30 31 31 33 30 30 35 34 35 37
20121229 191606  26 80 70 A1 6E 02 01 25 02 01 15 30 66 55 02 00 00 A0 60 A3 5E 6B 0F 30 0D 80 02 00 05 A1 07 30 05 80 03 31 30 38 63 07 30 05 80 03 31 30 38 4E 01 00 0A 01 30 A6 28 30 12 81 10 02 6C 79 C8 78 FA 36 48 01 00 80 00 00 00 00 05 30 12 81 10 02 6C 79 C8 78 FA 36 48 01 00 80 00 00 00 00 05 7E 12 A0 10 18 0E 32 30 30 30 30 31 31 33 30 30 35 34 35 37
20121229 191623  26 80 1D A2 1B 02 01 03 30 16 02 01 0A 30 11 6B 0F 30 0D 80 02 00 06 A1 07 30 05 80 03 31 30 38
20121229 191623  26 80 70 A1 6E 02 01 26 02 01 15 30 66 55 02 00 00 A0 60 B0 5E 6B 0F 30 0D 80 02 00 06 A1 07 30 05 80 03 31 30 38 63 07 30 05 80 03 31 30 38 4E 01 01 0A 01 2C A5 28 30 12 81 10 05 06 0E 04 78 FA 36 48 01 00 80 00 00 00 00 06 30 12 81 10 05 06 0E 04 78 FA 36 48 01 00 80 00 00 00 00 06 7E 12 A0 10 18 0E 32 30 30 30 30 31 31 33 30 30 35 35 31 34
20121229 191624  26 80 2A A1 28 02 01 27 02 01 33 30 20 E1 1E 06 06 2B 0C 02 88 53 0F 04 14 1A 04 06 C4 22 04 02 00 B8 06 FF 0D 01 00 B9 06 FF 00 37 0E
20121229 191625  26 80 35 A1 33 02 01 28 02 01 15 30 2B 55 02 00 00 A3 25 A3 23 63 07 30 05 80 03 31 30 38 04 01 01 01 01 00 7E 12 A0 10 18 0E 32 30 30 30 30 31 31 33 30 30 35 35 31 36
20121229 191625  26 80 74 A1 72 02 01 29 02 01 15 30 6A 55 02 00 00 A0 64 AD 62 6B 0F 30 0D 80 02 00 06 A1 07 30 05 80 03 31 30 38 63 07 30 05 80 03 31 30 38 62 02 87 00 4E 01 03 0A 01 16 A7 28 30 12 81 10 05 06 0E 04 78 FA 36 48 01 00 80 00 00 00 00 06 30 12 81 10 05 06 0E 04 78 FA 36 48 01 00 80 00 00 00 00 06 7E 12 A0 10 18 0E 32 30 30 30 30 31 31 33 30 30 35 35 31 36
20121229 191625  26 80 81 A1 7F 02 01 2A 02 01 15 30 77 55 02 00 00 A0 71 A8 6F 6B 0F 30 0D 80 02 00 06 A1 07 30 05 80 03 31 30 38 63 07 30 05 80 03 31 30 38 61 07 30 05 80 03 31 30 38 62 02 87 00 64 02 87 00 4E 01 06 0A 01 0D A5 28 30 12 81 10 05 06 0E 04 78 FA 36 48 01 00 80 00 00 00 00 06 30 12 81 10 05 06 0E 04 78 FA 36 48 01 00 80 00 00 00 00 06 7E 12 A0 10 18 0E 32 30 30 30 30 31 31 33 30 30 35 35 31 36
20121229 191640  26 80 35 A1 33 02 01 2B 02 01 15 30 2B 55 02 00 00 A3 25 A3 23 63 07 30 05 80 03 31 30 38 04 01 01 01 01 FF 7E 12 A0 10 18 0E 32 30 30 30 30 31 31 33 30 30 35 35 33 31
20121229 191640  26 80 70 A1 6E 02 01 2C 02 01 15 30 66 55 02 00 00 A0 60 A3 5E 6B 0F 30 0D 80 02 00 06 A1 07 30 05 80 03 31 30 38 63 07 30 05 80 03 31 30 38 4E 01 00 0A 01 30 A6 28 30 12 81 10 05 06 0E 04 78 FA 36 48 01 00 80 00 00 00 00 06 30 12 81 10 05 06 0E 04 78 FA 36 48 01 00 80 00 00 00 00 06 7E 12 A0 10 18 0E 32 30 30 30 30 31 31 33 30 30 35 35 33 31
20121229 191654  26 80 2A A1 28 02 01 2D 02 01 33 30 20 E1 1E 06 06 2B 0C 02 88 53 0F 04 14 1A 04 06 C4 22 04 02 00 B8 06 FF 0D 01 00 B9 06 FF 00 37 2C
20121229 191745  26 80 4A 61 48 A1 07 06 05 2B 0C 00 81 5A A2 03 02 01 00 A3 05 A1 03 02 01 00 88 02 06 80 AA 21 A2 1F A0 1D A1 1B 04 10 48 45 36 39 32 53 2E 30 30 2E 30 32 37 3A 36 30 04 07 30 32 37 2E 30 30 30 BE 0A 28 08 A0 06 A0 04 03 02 04 10
20121229 191745  26 80 0E A1 0C 02 01 01 02 02 00 D3 30 03 0A 01 02
20121229 191745  26 80 2E A2 2C 02 01 01 30 27 02 01 33 7E 22 A1 20 E1 1E 06 06 2B 0C 02 88 53 0F 04 14 1A 04 06 C4 22 04 02 00 B8 06 FF 0D 01 00 B9 06 FF 00 38 24
20121229 191746  26 80 10 A2 0E 02 01 02 30 09 02 01 47 30 04 55 02 00 00
20121229 191751  26 80 35 A1 33 02 01 2E 02 01 15 30 2B 55 02 00 00 A3 25 A3 23 63 07 30 05 80 03 31 30 38 04 01 01 01 01 00 7E 12 A0 10 18 0E 32 30 30 30 30 31 31 33 30 30 35 36 34 32
20121229 191751  26 80 70 A1 6E 02 01 2F 02 01 15 30 66 55 02 00 00 A0 60 B0 5E 6B 0F 30 0D 80 02 00 07 A1 07 30 05 80 03 31 30 38 63 07 30 05 80 03 31 30 38 4E 01 01 0A 01 16 A5 28 30 12 81 10 00 38 27 2A 78 FA 36 48 01 00 80 00 00 00 00 07 30 12 81 10 00 38 27 2A 78 FA 36 48 01 00 80 00 00 00 00 07 7E 12 A0 10 18 0E 32 30 30 30 30 31 31 33 30 30 35 36 34 32
20121229 191752  26 80 35 A1 33 02 01 30 02 01 15 30 2B 55 02 00 00 A3 25 A3 23 63 07 30 05 80 03 31 30 38 04 01 01 01 01 FF 7E 12 A0 10 18 0E 32 30 30 30 30 31 31 33 30 30 35 36 34 33
20121229 191752  26 80 70 A1 6E 02 01 31 02 01 15 30 66 55 02 00 00 A0 60 A3 5E 6B 0F 30 0D 80 02 00 07 A1 07 30 05 80 03 31 30 38 63 07 30 05 80 03 31 30 38 4E 01 00 0A 01 30 A6 28 30 12 81 10 00 38 27 2A 78 FA 36 48 01 00 80 00 00 00 00 07 30 12 81 10 00 38 27 2A 78 FA 36 48 01 00 80 00 00 00 00 07 7E 12 A0 10 18 0E 32 30 30 30 30 31 31 33 30 30 35 36 34 33
20121229 191815  26 80 2A A1 28 02 01 32 02 01 33 30 20 E1 1E 06 06 2B 0C 02 88 53 0F 04 14 1A 04 06 C4 22 04 02 00 B8 06 FF 0D 01 00 B9 06 FF 00 39 06
20121229 191845  26 80 2A A1 28 02 01 33 02 01 33 30 20 E1 1E 06 06 2B 0C 02 88 53 0F 04 14 1A 04 06 C4 22 04 02 00 B8 06 FF 0D 01 00 B9 06 FF 00 39 24
20121229 191915  26 80 2A A1 28 02 01 34 02 01 33 30 20 E1 1E 06 06 2B 0C 02 88 53 0F 04 14 1A 04 06 C4 22 04 02 00 B8 06 FF 0D 01 00 B9 06 FF 00 3A 06
20121229 191945  26 80 2A A1 28 02 01 35 02 01 33 30 20 E1 1E 06 06 2B 0C 02 88 53 0F 04 14 1A 04 06 C4 22 04 02 00 B8 06 FF 0D 01 00 B9 06 FF 00 3A 24
20121229 192015  26 80 2A A1 28 02 01 36 02 01 33 30 20 E1 1E 06 06 2B 0C 02 88 53 0F 04 14 1A 04 06 C4 22 04 02 00 B8 06 FF 0D 01 00 B9 06 FF 00 3B 06
20121229 192045  26 80 2A A1 28 02 01 37 02 01 33 30 20 E1 1E 06 06 2B 0C 02 88 53 0F 04 14 1A 04 06 C4 22 04 02 00 B8 06 FF 0D 01 00 B9 06 FF 00 3B 24
20121229 192106  26 80 4A 61 48 A1 07 06 05 2B 0C 00 81 5A A2 03 02 01 00 A3 05 A1 03 02 01 00 88 02 06 80 AA 21 A2 1F A0 1D A1 1B 04 10 48 45 36 39 32 53 2E 30 30 2E 30 32 37 3A 36 30 04 07 30 32 37 2E 30 30 30 BE 0A 28 08 A0 06 A0 04 03 02 04 10
20121229 192106  26 80 0E A1 0C 02 01 01 02 02 00 D3 30 03 0A 01 02
20121229 192106  26 80 2E A2 2C 02 01 01 30 27 02 01 33 7E 22 A1 20 E1 1E 06 06 2B 0C 02 88 53 0F 04 14 1A 04 06 C4 22 04 02 00 B8 06 FF 0D 01 00 B9 06 FF 00 3B 39
20121229 192107  26 80 10 A2 0E 02 01 02 30 09 02 01 47 30 04 55 02 00 00
20121229 192111  26 80 35 A1 33 02 01 38 02 01 15 30 2B 55 02 00 00 A3 25 A3 23 63 07 30 05 80 03 31 30 38 04 01 01 01 01 00 7E 12 A0 10 18 0E 32 30 30 30 30 31 31 33 30 31 30 30 30 32
20121229 192111  26 80 70 A1 6E 02 01 39 02 01 15 30 66 55 02 00 00 A0 60 B0 5E 6B 0F 30 0D 80 02 00 08 A1 07 30 05 80 03 31 30 38 63 07 30 05 80 03 31 30 38 4E 01 01 0A 01 16 A5 28 30 12 81 10 07 7A 24 33 78 FA 36 48 01 00 80 00 00 00 00 08 30 12 81 10 07 7A 24 33 78 FA 36 48 01 00 80 00 00 00 00 08 7E 12 A0 10 18 0E 32 30 30 30 30 31 31 33 30 31 30 30 30 32
20121229 192113  26 80 35 A1 33 02 01 3A 02 01 15 30 2B 55 02 00 00 A3 25 A3 23 63 07 30 05 80 03 31 30 38 04 01 01 01 01 FF 7E 12 A0 10 18 0E 32 30 30 30 30 31 31 33 30 31 30 30 30 34
20121229 192113  26 80 70 A1 6E 02 01 3B 02 01 15 30 66 55 02 00 00 A0 60 A3 5E 6B 0F 30 0D 80 02 00 08 A1 07 30 05 80 03 31 30 38 63 07 30 05 80 03 31 30 38 4E 01 00 0A 01 30 A6 28 30 12 81 10 07 7A 24 33 78 FA 36 48 01 00 80 00 00 00 00 08 30 12 81 10 07 7A 24 33 78 FA 36 48 01 00 80 00 00 00 00 08 7E 12 A0 10 18 0E 32 30 30 30 30 31 31 33 30 31 30 30 30 34
20121229 192131  26 80 1D A2 1B 02 01 03 30 16 02 01 0A 30 11 6B 0F 30 0D 80 02 00 09 A1 07 30 05 80 03 31 30 38
20121229 192131  26 80 70 A1 6E 02 01 3C 02 01 15 30 66 55 02 00 00 A0 60 B0 5E 6B 0F 30 0D 80 02 00 09 A1 07 30 05 80 03 31 30 38 63 07 30 05 80 03 31 30 38 4E 01 01 0A 01 2C A5 28 30 12 81 10 04 C4 CF EB 78 FA 36 48 01 00 80 00 00 00 00 09 30 12 81 10 04 C4 CF EB 78 FA 36 48 01 00 80 00 00 00 00 09 7E 12 A0 10 18 0E 32 30 30 30 30 31 31 33 30 31 30 30 32 32
20121229 192133  26 80 35 A1 33 02 01 3D 02 01 15 30 2B 55 02 00 00 A3 25 A3 23 63 07 30 05 80 03 31 30 38 04 01 01 01 01 00 7E 12 A0 10 18 0E 32 30 30 30 30 31 31 33 30 31 30 30 32 33
20121229 192133  26 80 74 A1 72 02 01 3E 02 01 15 30 6A 55 02 00 00 A0 64 AD 62 6B 0F 30 0D 80 02 00 09 A1 07 30 05 80 03 31 30 38 63 07 30 05 80 03 31 30 38 62 02 87 00 4E 01 03 0A 01 16 A7 28 30 12 81 10 04 C4 CF EB 78 FA 36 48 01 00 80 00 00 00 00 09 30 12 81 10 04 C4 CF EB 78 FA 36 48 01 00 80 00 00 00 00 09 7E 12 A0 10 18 0E 32 30 30 30 30 31 31 33 30 31 30 30 32 33
20121229 192133  26 80 81 A1 7F 02 01 3F 02 01 15 30 77 55 02 00 00 A0 71 A8 6F 6B 0F 30 0D 80 02 00 09 A1 07 30 05 80 03 31 30 38 63 07 30 05 80 03 31 30 38 61 07 30 05 80 03 31 30 38 62 02 87 00 64 02 87 00 4E 01 06 0A 01 0D A5 28 30 12 81 10 04 C4 CF EB 78 FA 36 48 01 00 80 00 00 00 00 09 30 12 81 10 04 C4 CF EB 78 FA 36 48 01 00 80 00 00 00 00 09 7E 12 A0 10 18 0E 32 30 30 30 30 31 31 33 30 31 30 30 32 33
20121229 192136  26 80 2A A1 28 02 01 40 02 01 33 30 20 E1 1E 06 06 2B 0C 02 88 53 0F 04 14 1A 04 06 C4 22 04 02 00 B8 06 FF 0D 01 00 B9 06 FF 01 00 1B
20121229 192141  26 80 35 A1 33 02 01 41 02 01 15 30 2B 55 02 00 00 A3 25 A3 23 63 07 30 05 80 03 31 30 38 04 01 01 01 01 FF 7E 12 A0 10 18 0E 32 30 30 30 30 31 31 33 30 31 30 30 33 32
20121229 192141  26 80 70 A1 6E 02 01 42 02 01 15 30 66 55 02 00 00 A0 60 A3 5E 6B 0F 30 0D 80 02 00 09 A1 07 30 05 80 03 31 30 38 63 07 30 05 80 03 31 30 38 4E 01 00 0A 01 30 A6 28 30 12 81 10 04 C4 CF EB 78 FA 36 48 01 00 80 00 00 00 00 09 30 12 81 10 04 C4 CF EB 78 FA 36 48 01 00 80 00 00 00 00 09 7E 12 A0 10 18 0E 32 30 30 30 30 31 31 33 30 31 30 30 33 32
20121229 192206  26 80 2A A1 28 02 01 43 02 01 33 30 20 E1 1E 06 06 2B 0C 02 88 53 0F 04 14 1A 04 06 C4 22 04 02 00 B8 06 FF 0D 01 00 B9 06 FF 01 00 39
20121229 192236  26 80 2A A1 28 02 01 44 02 01 33 30 20 E1 1E 06 06 2B 0C 02 88 53 0F 04 14 1A 04 06 C4 22 04 02 00 B8 06 FF 0D 01 00 B9 06 FF 01 01 1B
20121229 192458  26 80 4A 61 48 A1 07 06 05 2B 0C 00 81 5A A2 03 02 01 00 A3 05 A1 03 02 01 00 88 02 06 80 AA 21 A2 1F A0 1D A1 1B 04 10 48 45 36 39 32 53 2E 30 30 2E 30 32 37 3A 36 30 04 07 30 32 37 2E 30 30 30 BE 0A 28 08 A0 06 A0 04 03 02 04 10
20121229 192458  26 80 0E A1 0C 02 01 01 02 02 00 D3 30 03 0A 01 02
20121229 192458  26 80 2E A2 2C 02 01 01 30 27 02 01 33 7E 22 A1 20 E1 1E 06 06 2B 0C 02 88 53 0F 04 14 1A 04 06 C4 22 04 02 00 B8 06 FF 0D 01 00 B9 06 FF 01 03 31
20121229 192459  26 80 10 A2 0E 02 01 02 30 09 02 01 47 30 04 55 02 00 00
20121229 192504  26 80 35 A1 33 02 01 45 02 01 15 30 2B 55 02 00 00 A3 25 A3 23 63 07 30 05 80 03 31 30 38 04 01 01 01 01 00 7E 12 A0 10 18 0E 32 30 30 30 30 31 31 33 30 31 30 33 35 34
20121229 192504  26 80 70 A1 6E 02 01 46 02 01 15 30 66 55 02 00 00 A0 60 B0 5E 6B 0F 30 0D 80 02 00 0A A1 07 30 05 80 03 31 30 38 63 07 30 05 80 03 31 30 38 4E 01 01 0A 01 16 A5 28 30 12 81 10 02 F5 03 6A F8 FA 36 48 01 00 80 00 00 00 00 0A 30 12 81 10 02 F5 03 6A F8 FA 36 48 01 00 80 00 00 00 00 0A 7E 12 A0 10 18 0E 32 30 30 30 30 31 31 33 30 31 30 33 35 34
20121229 192505  26 80 35 A1 33 02 01 47 02 01 15 30 2B 55 02 00 00 A3 25 A3 23 63 07 30 05 80 03 31 30 38 04 01 01 01 01 FF 7E 12 A0 10 18 0E 32 30 30 30 30 31 31 33 30 31 30 33 35 36
20121229 192505  26 80 70 A1 6E 02 01 48 02 01 15 30 66 55 02 00 00 A0 60 A3 5E 6B 0F 30 0D 80 02 00 0A A1 07 30 05 80 03 31 30 38 63 07 30 05 80 03 31 30 38 4E 01 00 0A 01 30 A6 28 30 12 81 10 02 F5 03 6A F8 FA 36 48 01 00 80 00 00 00 00 0A 30 12 81 10 02 F5 03 6A F8 FA 36 48 01 00 80 00 00 00 00 0A 7E 12 A0 10 18 0E 32 30 30 30 30 31 31 33 30 31 30 33 35 36
20121229 192518  26 80 1D A2 1B 02 01 03 30 16 02 01 0A 30 11 6B 0F 30 0D 80 02 00 0B A1 07 30 05 80 03 31 30 38
20121229 192518  26 80 70 A1 6E 02 01 49 02 01 15 30 66 55 02 00 00 A0 60 B0 5E 6B 0F 30 0D 80 02 00 0B A1 07 30 05 80 03 31 30 38 63 07 30 05 80 03 31 30 38 4E 01 01 0A 01 2C A5 28 30 12 81 10 00 5E EA FA F8 FA 36 48 01 00 80 00 00 00 00 0B 30 12 81 10 00 5E EA FA F8 FA 36 48 01 00 80 00 00 00 00 0B 7E 12 A0 10 18 0E 32 30 30 30 30 31 31 33 30 31 30 34 30 39
20121229 192519  26 80 35 A1 33 02 01 4A 02 01 15 30 2B 55 02 00 00 A3 25 A3 23 63 07 30 05 80 03 31 30 38 04 01 01 01 01 00 7E 12 A0 10 18 0E 32 30 30 30 30 31 31 33 30 31 30 34 31 30
20121229 192520  26 80 74 A1 72 02 01 4B 02 01 15 30 6A 55 02 00 00 A0 64 AD 62 6B 0F 30 0D 80 02 00 0B A1 07 30 05 80 03 31 30 38 63 07 30 05 80 03 31 30 38 62 02 87 00 4E 01 03 0A 01 16 A7 28 30 12 81 10 00 5E EA FA F8 FA 36 48 01 00 80 00 00 00 00 0B 30 12 81 10 00 5E EA FA F8 FA 36 48 01 00 80 00 00 00 00 0B 7E 12 A0 10 18 0E 32 30 30 30 30 31 31 33 30 31 30 34 31 30
20121229 192520  26 80 81 A1 7F 02 01 4C 02 01 15 30 77 55 02 00 00 A0 71 A8 6F 6B 0F 30 0D 80 02 00 0B A1 07 30 05 80 03 31 30 38 63 07 30 05 80 03 31 30 38 61 07 30 05 80 03 31 30 38 62 02 87 00 64 02 87 00 4E 01 06 0A 01 0D A5 28 30 12 81 10 00 5E EA FA F8 FA 36 48 01 00 80 00 00 00 00 0B 30 12 81 10 00 5E EA FA F8 FA 36 48 01 00 80 00 00 00 00 0B 7E 12 A0 10 18 0E 32 30 30 30 30 31 31 33 30 31 30 34 31 30
20121229 192528  26 80 2A A1 28 02 01 4D 02 01 33 30 20 E1 1E 06 06 2B 0C 02 88 53 0F 04 14 1A 04 06 C4 22 04 02 00 B8 06 FF 0D 01 00 B9 06 FF 01 04 13
20121229 192536  26 80 35 A1 33 02 01 4E 02 01 15 30 2B 55 02 00 00 A3 25 A3 23 63 07 30 05 80 03 31 30 38 04 01 01 01 01 FF 7E 12 A0 10 18 0E 32 30 30 30 30 31 31 33 30 31 30 34 32 36
20121229 192536  26 80 70 A1 6E 02 01 4F 02 01 15 30 66 55 02 00 00 A0 60 A3 5E 6B 0F 30 0D 80 02 00 0B A1 07 30 05 80 03 31 30 38 63 07 30 05 80 03 31 30 38 4E 01 00 0A 01 30 A6 28 30 12 81 10 00 5E EA FA F8 FA 36 48 01 00 80 00 00 00 00 0B 30 12 81 10 00 5E EA FA F8 FA 36 48 01 00 80 00 00 00 00 0B 7E 12 A0 10 18 0E 32 30 30 30 30 31 31 33 30 31 30 34 32 36
20121229 192558  26 80 2A A1 28 02 01 50 02 01 33 30 20 E1 1E 06 06 2B 0C 02 88 53 0F 04 14 1A 04 06 C4 22 04 02 00 B8 06 FF 0D 01 00 B9 06 FF 01 04 31
20121229 192628  26 80 2A A1 28 02 01 51 02 01 33 30 20 E1 1E 06 06 2B 0C 02 88 53 0F 04 14 1A 04 06 C4 22 04 02 00 B8 06 FF 0D 01 00 B9 06 FF 01 05 13
20121229 192658  26 80 2A A1 28 02 01 52 02 01 33 30 20 E1 1E 06 06 2B 0C 02 88 53 0F 04 14 1A 04 06 C4 22 04 02 00 B8 06 FF 0D 01 00 B9 06 FF 01 05 31
20121229 192728  26 80 2A A1 28 02 01 53 02 01 33 30 20 E1 1E 06 06 2B 0C 02 88 53 0F 04 14 1A 04 06 C4 22 04 02 00 B8 06 FF 0D 01 00 B9 06 FF 01 06 13
20121229 192758  26 80 2A A1 28 02 01 54 02 01 33 30 20 E1 1E 06 06 2B 0C 02 88 53 0F 04 14 1A 04 06 C4 22 04 02 00 B8 06 FF 0D 01 00 B9 06 FF 01 06 31
20121229 192828  26 80 2A A1 28 02 01 55 02 01 33 30 20 E1 1E 06 06 2B 0C 02 88 53 0F 04 14 1A 04 06 C4 22 04 02 00 B8 06 FF 0D 01 00 B9 06 FF 01 07 13
20121229 192858  26 80 2A A1 28 02 01 56 02 01 33 30 20 E1 1E 06 06 2B 0C 02 88 53 0F 04 14 1A 04 06 C4 22 04 02 00 B8 06 FF 0D 01 00 B9 06 FF 01 07 31
20121229 192928  26 80 2A A1 28 02 01 57 02 01 33 30 20 E1 1E 06 06 2B 0C 02 88 53 0F 04 14 1A 04 06 C4 22 04 02 00 B8 06 FF 0D 01 00 B9 06 FF 01 08 13
20121229 192958  26 80 2A A1 28 02 01 58 02 01 33 30 20 E1 1E 06 06 2B 0C 02 88 53 0F 04 14 1A 04 06 C4 22 04 02 00 B8 06 FF 0D 01 00 B9 06 FF 01 08 31
20121229 193007  26 80 4A 61 48 A1 07 06 05 2B 0C 00 81 5A A2 03 02 01 00 A3 05 A1 03 02 01 00 88 02 06 80 AA 21 A2 1F A0 1D A1 1B 04 10 48 45 36 39 32 53 2E 30 30 2E 30 32 37 3A 36 30 04 07 30 32 37 2E 30 30 30 BE 0A 28 08 A0 06 A0 04 03 02 04 10
20121229 193007  26 80 0E A1 0C 02 01 01 02 02 00 D3 30 03 0A 01 02
20121229 193007  26 80 2E A2 2C 02 01 01 30 27 02 01 33 7E 22 A1 20 E1 1E 06 06 2B 0C 02 88 53 0F 04 14 1A 04 06 C4 22 04 02 01 B8 06 FF 0D 01 00 B9 06 FF 01 08 3A
20121229 193008  26 80 10 A2 0E 02 01 02 30 09 02 01 47 30 04 55 02 00 01
20121229 193016  26 80 35 A1 33 02 01 59 02 01 15 30 2B 55 02 00 00 A3 25 A3 23 63 07 30 05 80 03 31 30 38 04 01 01 01 01 00 7E 12 A0 10 18 0E 32 30 30 30 30 31 31 33 30 31 30 39 30 37
20121229 193016  26 80 35 A1 33 02 01 5A 02 01 15 30 2B 55 02 00 01 A3 25 A3 23 63 07 30 05 80 03 31 30 38 04 01 01 01 01 00 7E 12 A0 10 18 0E 32 30 30 30 30 31 31 33 30 31 30 39 30 37
20121229 193016  26 80 70 A1 6E 02 01 5B 02 01 15 30 66 55 02 00 00 A0 60 B0 5E 6B 0F 30 0D 80 02 00 0C A1 07 30 05 80 03 31 30 38 63 07 30 05 80 03 31 30 38 4E 01 01 0A 01 16 A5 28 30 12 81 10 04 47 A7 08 04 FA 36 48 01 00 80 00 00 00 00 0C 30 12 81 10 04 47 A7 08 04 FA 36 48 01 00 80 00 00 00 00 0C 7E 12 A0 10 18 0E 32 30 30 30 30 31 31 33 30 31 30 39 30 37
20121229 193016  26 80 70 A1 6E 02 01 5C 02 01 15 30 66 55 02 00 01 A0 60 B0 5E 6B 0F 30 0D 80 02 00 0C A1 07 30 05 80 03 31 30 38 63 07 30 05 80 03 31 30 38 4E 01 01 0A 01 16 A5 28 30 12 81 10 04 47 A7 08 04 FA 36 48 01 00 80 00 00 00 00 0C 30 12 81 10 04 47 A7 08 04 FA 36 48 01 00 80 00 00 00 00 0C 7E 12 A0 10 18 0E 32 30 30 30 30 31 31 33 30 31 30 39 30 37
20121229 193018  26 80 35 A1 33 02 01 5D 02 01 15 30 2B 55 02 00 00 A3 25 A3 23 63 07 30 05 80 03 31 30 38 04 01 01 01 01 FF 7E 12 A0 10 18 0E 32 30 30 30 30 31 31 33 30 31 30 39 30 39
20121229 193018  26 80 35 A1 33 02 01 5E 02 01 15 30 2B 55 02 00 01 A3 25 A3 23 63 07 30 05 80 03 31 30 38 04 01 01 01 01 FF 7E 12 A0 10 18 0E 32 30 30 30 30 31 31 33 30 31 30 39 30 39
20121229 193018  26 80 70 A1 6E 02 01 5F 02 01 15 30 66 55 02 00 00 A0 60 A3 5E 6B 0F 30 0D 80 02 00 0C A1 07 30 05 80 03 31 30 38 63 07 30 05 80 03 31 30 38 4E 01 00 0A 01 30 A6 28 30 12 81 10 04 47 A7 08 04 FA 36 48 01 00 80 00 00 00 00 0C 30 12 81 10 04 47 A7 08 04 FA 36 48 01 00 80 00 00 00 00 0C 7E 12 A0 10 18 0E 32 30 30 30 30 31 31 33 30 31 30 39 30 39
20121229 193018  26 80 70 A1 6E 02 01 60 02 01 15 30 66 55 02 00 01 A0 60 A3 5E 6B 0F 30 0D 80 02 00 0C A1 07 30 05 80 03 31 30 38 63 07 30 05 80 03 31 30 38 4E 01 00 0A 01 30 A6 28 30 12 81 10 04 47 A7 08 04 FA 36 48 01 00 80 00 00 00 00 0C 30 12 81 10 04 47 A7 08 04 FA 36 48 01 00 80 00 00 00 00 0C 7E 12 A0 10 18 0E 32 30 30 30 30 31 31 33 30 31 30 39 30 39
20121229 193028  26 80 2A A1 28 02 01 61 02 01 33 30 20 E1 1E 06 06 2B 0C 02 88 53 0F 04 14 1A 04 06 C4 22 04 02 00 B8 06 FF 0D 01 00 B9 06 FF 01 09 13
20121229 193108  26 80 4A 61 48 A1 07 06 05 2B 0C 00 81 5A A2 03 02 01 00 A3 05 A1 03 02 01 00 88 02 06 80 AA 21 A2 1F A0 1D A1 1B 04 10 48 45 36 39 32 53 2E 30 30 2E 30 32 37 3A 36 30 04 07 30 32 37 2E 30 30 30 BE 0A 28 08 A0 06 A0 04 03 02 04 10
20121229 193108  26 80 0E A1 0C 02 01 01 02 02 00 D3 30 03 0A 01 02
20121229 193108  26 80 2E A2 2C 02 01 01 30 27 02 01 33 7E 22 A1 20 E1 1E 06 06 2B 0C 02 88 53 0F 04 14 1A 04 06 C4 22 04 02 00 B8 06 FF 0D 01 00 B9 06 FF 01 09 3B
20121229 193109  26 80 10 A2 0E 02 01 02 30 09 02 01 47 30 04 55 02 00 00
20121229 193113  26 80 35 A1 33 02 01 62 02 01 15 30 2B 55 02 00 00 A3 25 A3 23 63 07 30 05 80 03 31 30 38 04 01 01 01 01 00 7E 12 A0 10 18 0E 32 30 30 30 30 31 31 33 30 31 31 30 30 34
20121229 193114  26 80 70 A1 6E 02 01 63 02 01 15 30 66 55 02 00 00 A0 60 B0 5E 6B 0F 30 0D 80 02 00 0D A1 07 30 05 80 03 31 30 38 63 07 30 05 80 03 31 30 38 4E 01 01 0A 01 16 A5 28 30 12 81 10 04 11 44 CC 04 FA 36 48 01 00 80 00 00 00 00 0D 30 12 81 10 04 11 44 CC 04 FA 36 48 01 00 80 00 00 00 00 0D 7E 12 A0 10 18 0E 32 30 30 30 30 31 31 33 30 31 31 30 30 34
20121229 193115  26 80 35 A1 33 02 01 64 02 01 15 30 2B 55 02 00 00 A3 25 A3 23 63 07 30 05 80 03 31 30 38 04 01 01 01 01 FF 7E 12 A0 10 18 0E 32 30 30 30 30 31 31 33 30 31 31 30 30 36
20121229 193115  26 80 70 A1 6E 02 01 65 02 01 15 30 66 55 02 00 00 A0 60 A3 5E 6B 0F 30 0D 80 02 00 0D A1 07 30 05 80 03 31 30 38 63 07 30 05 80 03 31 30 38 4E 01 00 0A 01 30 A6 28 30 12 81 10 04 11 44 CC 04 FA 36 48 01 00 80 00 00 00 00 0D 30 12 81 10 04 11 44 CC 04 FA 36 48 01 00 80 00 00 00 00 0D 7E 12 A0 10 18 0E 32 30 30 30 30 31 31 33 30 31 31 30 30 36
20121229 193129  26 80 1D A2 1B 02 01 03 30 16 02 01 0A 30 11 6B 0F 30 0D 80 02 00 0E A1 07 30 05 80 03 31 30 38
20121229 193129  26 80 70 A1 6E 02 01 66 02 01 15 30 66 55 02 00 00 A0 60 B0 5E 6B 0F 30 0D 80 02 00 0E A1 07 30 05 80 03 31 30 38 63 07 30 05 80 03 31 30 38 4E 01 01 0A 01 2C A5 28 30 12 81 10 01 53 A1 3C 04 FA 36 48 01 00 80 00 00 00 00 0E 30 12 81 10 01 53 A1 3C 04 FA 36 48 01 00 80 00 00 00 00 0E 7E 12 A0 10 18 0E 32 30 30 30 30 31 31 33 30 31 31 30 32 30
20121229 193131  26 80 35 A1 33 02 01 67 02 01 15 30 2B 55 02 00 00 A3 25 A3 23 63 07 30 05 80 03 31 30 38 04 01 01 01 01 00 7E 12 A0 10 18 0E 32 30 30 30 30 31 31 33 30 31 31 30 32 32
20121229 193131  26 80 74 A1 72 02 01 68 02 01 15 30 6A 55 02 00 00 A0 64 AD 62 6B 0F 30 0D 80 02 00 0E A1 07 30 05 80 03 31 30 38 63 07 30 05 80 03 31 30 38 62 02 87 00 4E 01 03 0A 01 16 A7 28 30 12 81 10 01 53 A1 3C 04 FA 36 48 01 00 80 00 00 00 00 0E 30 12 81 10 01 53 A1 3C 04 FA 36 48 01 00 80 00 00 00 00 0E 7E 12 A0 10 18 0E 32 30 30 30 30 31 31 33 30 31 31 30 32 32
20121229 193131  26 80 81 A1 7F 02 01 69 02 01 15 30 77 55 02 00 00 A0 71 A8 6F 6B 0F 30 0D 80 02 00 0E A1 07 30 05 80 03 31 30 38 63 07 30 05 80 03 31 30 38 61 07 30 05 80 03 31 30 38 62 02 87 00 64 02 87 00 4E 01 06 0A 01 0D A5 28 30 12 81 10 01 53 A1 3C 04 FA 36 48 01 00 80 00 00 00 00 0E 30 12 81 10 01 53 A1 3C 04 FA 36 48 01 00 80 00 00 00 00 0E 7E 12 A0 10 18 0E 32 30 30 30 30 31 31 33 30 31 31 30 32 32
20121229 193138  26 80 2A A1 28 02 01 6A 02 01 33 30 20 E1 1E 06 06 2B 0C 02 88 53 0F 04 14 1A 04 06 C4 22 04 02 00 B8 06 FF 0D 01 00 B9 06 FF 01 0A 1D
20121229 193141  26 80 35 A1 33 02 01 6B 02 01 15 30 2B 55 02 00 00 A3 25 A3 23 63 07 30 05 80 03 31 30 38 04 01 01 01 01 FF 7E 12 A0 10 18 0E 32 30 30 30 30 31 31 33 30 31 31 30 33 32
20121229 193141  26 80 70 A1 6E 02 01 6C 02 01 15 30 66 55 02 00 00 A0 60 A3 5E 6B 0F 30 0D 80 02 00 0E A1 07 30 05 80 03 31 30 38 63 07 30 05 80 03 31 30 38 4E 01 00 0A 01 30 A6 28 30 12 81 10 01 53 A1 3C 04 FA 36 48 01 00 80 00 00 00 00 0E 30 12 81 10 01 53 A1 3C 04 FA 36 48 01 00 80 00 00 00 00 0E 7E 12 A0 10 18 0E 32 30 30 30 30 31 31 33 30 31 31 30 33 32
20121229 193208  26 80 2A A1 28 02 01 6D 02 01 33 30 20 E1 1E 06 06 2B 0C 02 88 53 0F 04 14 1A 04 06 C4 22 04 02 00 B8 06 FF 0D 01 00 B9 06 FF 01 0A 3B
20121229 193433  26 80 4A 61 48 A1 07 06 05 2B 0C 00 81 5A A2 03 02 01 00 A3 05 A1 03 02 01 00 88 02 06 80 AA 21 A2 1F A0 1D A1 1B 04 10 48 45 36 39 32 53 2E 30 30 2E 30 32 37 3A 36 30 04 07 30 32 37 2E 30 30 30 BE 0A 28 08 A0 06 A0 04 03 02 04 10
20121229 193434  26 80 0E A1 0C 02 01 01 02 02 00 D3 30 03 0A 01 02
20121229 193434  26 80 2E A2 2C 02 01 01 30 27 02 01 33 7E 22 A1 20 E1 1E 06 06 2B 0C 02 88 53 0F 04 14 1A 04 06 C4 22 04 02 00 B8 06 FF 0D 01 00 B9 06 FF 01 0D 19
20121229 193435  26 80 10 A2 0E 02 01 02 30 09 02 01 47 30 04 55 02 00 00
20121229 193504  26 80 2A A1 28 02 01 6E 02 01 33 30 20 E1 1E 06 06 2B 0C 02 88 53 0F 04 14 1A 04 06 C4 22 04 02 00 B8 06 FF 0D 01 00 B9 06 FF 01 0D 37
20121229 193534  26 80 2A A1 28 02 01 6F 02 01 33 30 20 E1 1E 06 06 2B 0C 02 88 53 0F 04 14 1A 04 06 C4 22 04 02 00 B8 06 FF 0D 01 00 B9 06 FF 01 0E 19
20121229 193604  26 80 2A A1 28 02 01 70 02 01 33 30 20 E1 1E 06 06 2B 0C 02 88 53 0F 04 14 1A 04 06 C4 22 04 02 00 B8 06 FF 0D 01 00 B9 06 FF 01 0E 37
20121229 193624  26 80 35 A1 33 02 01 71 02 01 15 30 2B 55 02 00 00 A3 25 A3 23 63 07 30 05 80 03 31 30 38 04 01 01 01 01 00 7E 12 A0 10 18 0E 32 30 30 30 30 31 31 33 30 31 31 35 31 35
20121229 193624  26 80 70 A1 6E 02 01 72 02 01 15 30 66 55 02 00 00 A0 60 B0 5E 6B 0F 30 0D 80 02 00 0F A1 07 30 05 80 03 31 30 38 63 07 30 05 80 03 31 30 38 4E 01 01 0A 01 16 A5 28 30 12 81 10 03 54 1A 37 04 FA 36 48 01 00 80 00 00 00 00 0F 30 12 81 10 03 54 1A 37 04 FA 36 48 01 00 80 00 00 00 00 0F 7E 12 A0 10 18 0E 32 30 30 30 30 31 31 33 30 31 31 35 31 35
20121229 193625  26 80 35 A1 33 02 01 73 02 01 15 30 2B 55 02 00 00 A3 25 A3 23 63 07 30 05 80 03 31 30 38 04 01 01 01 01 FF 7E 12 A0 10 18 0E 32 30 30 30 30 31 31 33 30 31 31 35 31 36
20121229 193625  26 80 70 A1 6E 02 01 74 02 01 15 30 66 55 02 00 00 A0 60 A3 5E 6B 0F 30 0D 80 02 00 0F A1 07 30 05 80 03 31 30 38 63 07 30 05 80 03 31 30 38 4E 01 00 0A 01 30 A6 28 30 12 81 10 03 54 1A 37 04 FA 36 48 01 00 80 00 00 00 00 0F 30 12 81 10 03 54 1A 37 04 FA 36 48 01 00 80 00 00 00 00 0F 7E 12 A0 10 18 0E 32 30 30 30 30 31 31 33 30 31 31 35 31 36
20121229 193634  26 80 2A A1 28 02 01 75 02 01 33 30 20 E1 1E 06 06 2B 0C 02 88 53 0F 04 14 1A 04 06 C4 22 04 02 00 B8 06 FF 0D 01 00 B9 06 FF 01 0F 19
20121229 193704  26 80 2A A1 28 02 01 76 02 01 33 30 20 E1 1E 06 06 2B 0C 02 88 53 0F 04 14 1A 04 06 C4 22 04 02 00 B8 06 FF 0D 01 00 B9 06 FF 01 0F 37
20121229 193734  26 80 2A A1 28 02 01 77 02 01 33 30 20 E1 1E 06 06 2B 0C 02 88 53 0F 04 14 1A 04 06 C4 22 04 02 00 B8 06 FF 0D 01 00 B9 06 FF 01 10 19
20121229 193804  26 80 2A A1 28 02 01 78 02 01 33 30 20 E1 1E 06 06 2B 0C 02 88 53 0F 04 14 1A 04 06 C4 22 04 02 00 B8 06 FF 0D 01 00 B9 06 FF 01 10 37
20121229 193834  26 80 2A A1 28 02 01 79 02 01 33 30 20 E1 1E 06 06 2B 0C 02 88 53 0F 04 14 1A 04 06 C4 22 04 02 00 B8 06 FF 0D 01 00 B9 06 FF 01 11 19
20121229 193904  26 80 2A A1 28 02 01 7A 02 01 33 30 20 E1 1E 06 06 2B 0C 02 88 53 0F 04 14 1A 04 06 C4 22 04 02 00 B8 06 FF 0D 01 00 B9 06 FF 01 11 37
20121229 195557  26 80 4A 61 48 A1 07 06 05 2B 0C 00 81 5A A2 03 02 01 00 A3 05 A1 03 02 01 00 88 02 06 80 AA 21 A2 1F A0 1D A1 1B 04 10 48 45 36 39 32 53 2E 30 30 2E 30 32 37 3A 36 30 04 07 30 32 37 2E 30 30 30 BE 0A 28 08 A0 06 A0 04 03 02 04 10
20121229 195557  26 80 0E A1 0C 02 01 01 02 02 00 D3 30 03 0A 01 02
20121229 195558  26 80 2E A2 2C 02 01 01 30 27 02 01 33 7E 22 A1 20 E1 1E 06 06 2B 0C 02 88 53 0F 04 14 1A 04 06 C4 22 04 02 00 B8 06 FF 0D 01 00 B9 06 FF 01 22 30
20121229 195558  26 80 10 A2 0E 02 01 02 30 09 02 01 47 30 04 55 02 00 00
20121229 195628  26 80 2A A1 28 02 01 7B 02 01 33 30 20 E1 1E 06 06 2B 0C 02 88 53 0F 04 14 1A 04 06 C4 22 04 02 00 B8 06 FF 0D 01 00 B9 06 FF 01 23 12
20121229 195658  26 80 2A A1 28 02 01 7C 02 01 33 30 20 E1 1E 06 06 2B 0C 02 88 53 0F 04 14 1A 04 06 C4 22 04 02 00 B8 06 FF 0D 01 00 B9 06 FF 01 23 30
20121229 195728  26 80 2A A1 28 02 01 7D 02 01 33 30 20 E1 1E 06 06 2B 0C 02 88 53 0F 04 14 1A 04 06 C4 22 04 02 00 B8 06 FF 0D 01 00 B9 06 FF 01 24 12
20121229 195758  26 80 2A A1 28 02 01 7E 02 01 33 30 20 E1 1E 06 06 2B 0C 02 88 53 0F 04 14 1A 04 06 C4 22 04 02 00 B8 06 FF 0D 01 00 B9 06 FF 01 24 30
20121229 195823  26 80 35 A1 33 02 01 7F 02 01 15 30 2B 55 02 00 00 A3 25 A3 23 63 07 30 05 80 03 31 30 38 04 01 01 01 01 00 7E 12 A0 10 18 0E 32 30 30 30 30 31 31 33 30 31 33 37 31 33
20121229 195823  26 80 71 A1 6F 02 02 00 80 02 01 15 30 66 55 02 00 00 A0 60 B0 5E 6B 0F 30 0D 80 02 00 10 A1 07 30 05 80 03 31 30 38 63 07 30 05 80 03 31 30 38 4E 01 01 0A 01 16 A5 28 30 12 81 10 04 9D 6C 7F C4 FA 36 48 01 00 80 00 00 00 00 10 30 12 81 10 04 9D 6C 7F C4 FA 36 48 01 00 80 00 00 00 00 10 7E 12 A0 10 18 0E 32 30 30 30 30 31 31 33 30 31 33 37 31 33
20121229 195825  26 80 36 A1 34 02 02 00 81 02 01 15 30 2B 55 02 00 00 A3 25 A3 23 63 07 30 05 80 03 31 30 38 04 01 01 01 01 FF 7E 12 A0 10 18 0E 32 30 30 30 30 31 31 33 30 31 33 37 31 36
20121229 195825  26 80 71 A1 6F 02 02 00 82 02 01 15 30 66 55 02 00 00 A0 60 A3 5E 6B 0F 30 0D 80 02 00 10 A1 07 30 05 80 03 31 30 38 63 07 30 05 80 03 31 30 38 4E 01 00 0A 01 30 A6 28 30 12 81 10 04 9D 6C 7F C4 FA 36 48 01 00 80 00 00 00 00 10 30 12 81 10 04 9D 6C 7F C4 FA 36 48 01 00 80 00 00 00 00 10 7E 12 A0 10 18 0E 32 30 30 30 30 31 31 33 30 31 33 37 31 36
20121229 195828  26 80 2B A1 29 02 02 00 83 02 01 33 30 20 E1 1E 06 06 2B 0C 02 88 53 0F 04 14 1A 04 06 C4 22 04 02 00 B8 06 FF 0D 01 00 B9 06 FF 01 25 12
20121229 195837  26 80 1D A2 1B 02 01 03 30 16 02 01 0A 30 11 6B 0F 30 0D 80 02 00 11 A1 07 30 05 80 03 31 30 38
20121229 195837  26 80 71 A1 6F 02 02 00 84 02 01 15 30 66 55 02 00 00 A0 60 B0 5E 6B 0F 30 0D 80 02 00 11 A1 07 30 05 80 03 31 30 38 63 07 30 05 80 03 31 30 38 4E 01 01 0A 01 2C A5 28 30 12 81 10 03 5E 09 60 24 FA 36 48 01 00 80 00 00 00 00 11 30 12 81 10 03 5E 09 60 24 FA 36 48 01 00 80 00 00 00 00 11 7E 12 A0 10 18 0E 32 30 30 30 30 31 31 33 30 31 33 37 32 37
20121229 195838  26 80 36 A1 34 02 02 00 85 02 01 15 30 2B 55 02 00 00 A3 25 A3 23 63 07 30 05 80 03 31 30 38 04 01 01 01 01 00 7E 12 A0 10 18 0E 32 30 30 30 30 31 31 33 30 31 33 37 32 39
20121229 195839  26 80 75 A1 73 02 02 00 86 02 01 15 30 6A 55 02 00 00 A0 64 AD 62 6B 0F 30 0D 80 02 00 11 A1 07 30 05 80 03 31 30 38 63 07 30 05 80 03 31 30 38 62 02 87 00 4E 01 03 0A 01 16 A7 28 30 12 81 10 03 5E 09 60 24 FA 36 48 01 00 80 00 00 00 00 11 30 12 81 10 03 5E 09 60 24 FA 36 48 01 00 80 00 00 00 00 11 7E 12 A0 10 18 0E 32 30 30 30 30 31 31 33 30 31 33 37 32 39
20121229 195839  26 80 83 A1 81 80 02 02 00 87 02 01 15 30 77 55 02 00 00 A0 71 A8 6F 6B 0F 30 0D 80 02 00 11 A1 07 30 05 80 03 31 30 38 63 07 30 05 80 03 31 30 38 61 07 30 05 80 03 31 30 38 62 02 87 00 64 02 87 00 4E 01 06 0A 01 0D A5 28 30 12 81 10 03 5E 09 60 24 FA 36 48 01 00 80 00 00 00 00 11 30 12 81 10 03 5E 09 60 24 FA 36 48 01 00 80 00 00 00 00 11 7E 12 A0 10 18 0E 32 30 30 30 30 31 31 33 30 31 33 37 32 39
20121229 195842  26 80 36 A1 34 02 02 00 88 02 01 15 30 2B 55 02 00 00 A3 25 A3 23 63 07 30 05 80 03 31 30 38 04 01 01 01 01 FF 7E 12 A0 10 18 0E 32 30 30 30 30 31 31 33 30 31 33 37 33 32
20121229 195842  26 80 71 A1 6F 02 02 00 89 02 01 15 30 66 55 02 00 00 A0 60 A3 5E 6B 0F 30 0D 80 02 00 11 A1 07 30 05 80 03 31 30 38 63 07 30 05 80 03 31 30 38 4E 01 00 0A 01 30 A6 28 30 12 81 10 03 5E 09 60 24 FA 36 48 01 00 80 00 00 00 00 11 30 12 81 10 03 5E 09 60 24 FA 36 48 01 00 80 00 00 00 00 11 7E 12 A0 10 18 0E 32 30 30 30 30 31 31 33 30 31 33 37 33 32
20121229 195853  26 80 10 A2 0E 02 01 04 30 09 02 01 47 30 04 55 02 00 01
20121229 195858  26 80 2B A1 29 02 02 00 8A 02 01 33 30 20 E1 1E 06 06 2B 0C 02 88 53 0F 04 14 1A 04 06 C4 22 04 02 00 B8 06 FF 0D 01 00 B9 06 FF 01 25 30
20121229 195923  26 80 1D A2 1B 02 01 05 30 16 02 01 0A 30 11 6B 0F 30 0D 80 02 00 12 A1 07 30 05 80 03 31 30 38
20121229 195923  26 80 71 A1 6F 02 02 00 8B 02 01 15 30 66 55 02 00 00 A0 60 B0 5E 6B 0F 30 0D 80 02 00 12 A1 07 30 05 80 03 31 30 38 63 07 30 05 80 03 31 30 38 4E 01 01 0A 01 2C A5 28 30 12 81 10 02 05 80 44 24 FA 36 48 01 00 80 00 00 00 00 12 30 12 81 10 02 05 80 44 24 FA 36 48 01 00 80 00 00 00 00 12 7E 12 A0 10 18 0E 32 30 30 30 30 31 31 33 30 31 33 38 31 34
20121229 195925  26 80 36 A1 34 02 02 00 8C 02 01 15 30 2B 55 02 00 00 A3 25 A3 23 63 07 30 05 80 03 31 30 38 04 01 01 01 01 00 7E 12 A0 10 18 0E 32 30 30 30 30 31 31 33 30 31 33 38 31 36
20121229 195926  26 80 7A A1 78 02 02 00 8D 02 01 15 30 6F 55 02 00 00 A0 69 AD 67 6B 0F 30 0D 80 02 00 12 A1 07 30 05 80 03 31 30 38 63 07 30 05 80 03 31 30 38 62 07 30 05 80 03 31 31 31 4E 01 03 0A 01 16 A7 28 30 12 81 10 02 05 80 44 24 FA 36 48 01 00 80 00 00 00 00 12 30 12 81 10 02 05 80 44 24 FA 36 48 01 00 80 00 00 00 00 12 7E 12 A0 10 18 0E 32 30 30 30 30 31 31 33 30 31 33 38 31 36
20121229 195926  26 80 9C A1 81 99 02 02 00 8E 02 01 15 30 81 8F 55 02 00 01 A0 81 88 A4 81 85 6B 0F 30 0D 80 02 00 12 A1 07 30 05 80 03 31 31 31 63 07 30 05 80 03 31 31 31 61 07 30 05 80 03 31 30 38 62 07 30 05 80 03 31 31 31 64 02 87 00 6B 0F 30 0D 80 02 00 12 A1 07 30 05 80 03 31 30 38 4E 01 02 0A 01 16 A5 28 30 12 81 10 02 05 80 44 24 FA 36 48 01 00 80 00 00 00 00 12 30 12 81 10 02 05 80 44 24 FA 36 48 01 00 80 00 00 00 00 12 7E 12 A0 10 18 0E 32 30 30 30 30 31 31 33 30 31 33 38 31 36
20121229 195926  26 80 9C A1 81 99 02 02 00 8F 02 01 15 30 81 8F 55 02 00 00 A0 81 88 A4 81 85 6B 0F 30 0D 80 02 00 12 A1 07 30 05 80 03 31 31 31 63 07 30 05 80 03 31 31 31 61 07 30 05 80 03 31 30 38 62 07 30 05 80 03 31 31 31 64 02 87 00 6B 0F 30 0D 80 02 00 12 A1 07 30 05 80 03 31 30 38 4E 01 03 0A 01 16 A5 28 30 12 81 10 02 05 80 44 24 FA 36 48 01 00 80 00 00 00 00 12 30 12 81 10 02 05 80 44 24 FA 36 48 01 00 80 00 00 00 00 12 7E 12 A0 10 18 0E 32 30 30 30 30 31 31 33 30 31 33 38 31 36
20121229 195928  26 80 2B A1 29 02 02 00 90 02 01 33 30 20 E1 1E 06 06 2B 0C 02 88 53 0F 04 14 1A 04 06 C4 22 04 02 00 B8 06 FF 0D 01 00 B9 06 FF 01 26 12
20121229 195937  26 80 36 A1 34 02 02 00 91 02 01 15 30 2B 55 02 00 00 A3 25 A3 23 63 07 30 05 80 03 31 30 38 04 01 01 01 01 FF 7E 12 A0 10 18 0E 32 30 30 30 30 31 31 33 30 31 33 38 32 38
20121229 195937  26 80 71 A1 6F 02 02 00 92 02 01 15 30 66 55 02 00 00 A0 60 A3 5E 6B 0F 30 0D 80 02 00 12 A1 07 30 05 80 03 31 30 38 63 07 30 05 80 03 31 30 38 4E 01 00 0A 01 30 A6 28 30 12 81 10 02 05 80 44 24 FA 36 48 01 00 80 00 00 00 00 12 30 12 81 10 02 05 80 44 24 FA 36 48 01 00 80 00 00 00 00 12 7E 12 A0 10 18 0E 32 30 30 30 30 31 31 33 30 31 33 38 32 38
20121229 195937  26 80 71 A1 6F 02 02 00 93 02 01 15 30 66 55 02 00 01 A0 60 A3 5E 6B 0F 30 0D 80 02 00 12 A1 07 30 05 80 03 31 30 38 63 07 30 05 80 03 31 30 38 4E 01 02 0A 01 30 A6 28 30 12 81 10 02 05 80 44 24 FA 36 48 01 00 80 00 00 00 00 12 30 12 81 10 02 05 80 44 24 FA 36 48 01 00 80 00 00 00 00 12 7E 12 A0 10 18 0E 32 30 30 30 30 31 31 33 30 31 33 38 32 38
20121229 195937  26 80 71 A1 6F 02 02 00 94 02 01 15 30 66 55 02 00 01 A0 60 A3 5E 6B 0F 30 0D 80 02 00 12 A1 07 30 05 80 03 31 31 31 63 07 30 05 80 03 31 31 31 4E 01 00 0A 01 30 A6 28 30 12 81 10 02 05 80 44 24 FA 36 48 01 00 80 00 00 00 00 12 30 12 81 10 02 05 80 44 24 FA 36 48 01 00 80 00 00 00 00 12 7E 12 A0 10 18 0E 32 30 30 30 30 31 31 33 30 31 33 38 32 38
