20161101 141702  00 31 61 2F 80 02 07 80 A1 07 06 05 2B 0C 00 81 5A A2 03 02 01 00 A3 05 A1 03 02 01 01 BE 14 28 12 06 07 2B 0C 00 82 1D 81 48 A0 07 A0 05 03 03 00 08 00
20161101 141702  00 0E A1 0C 02 01 01 02 02 00 D3 30 03 0A 01 02
20161101 141702  00 38 A2 36 02 01 01 30 31 02 01 47 30 2C 55 04 01 11 00 00 A0 24 80 04 06 80 03 C0 86 02 03 70 87 02 06 C0 88 03 05 BA 00 89 03 02 00 34 83 02 05 20 85 02 01 FE 84 02 07 00
20161101 141703  00 38 A2 36 02 01 02 30 31 02 01 47 30 2C 55 04 01 11 00 01 A0 24 80 04 06 80 03 C0 86 02 03 70 87 02 06 C0 88 03 05 BA 00 89 03 02 00 34 83 02 05 20 85 02 01 FE 84 02 07 00
20161101 141704  00 38 A2 36 02 01 03 30 31 02 01 47 30 2C 55 04 01 11 00 02 A0 24 80 04 06 80 03 C0 86 02 03 70 87 02 06 C0 88 03 05 BA 00 89 03 02 00 34 83 02 05 20 85 02 01 FE 84 02 07 00
20161101 141705  00 31 61 2F 80 02 07 80 A1 07 06 05 2B 0C 00 81 5A A2 03 02 01 00 A3 05 A1 03 02 01 01 BE 14 28 12 06 07 2B 0C 00 82 1D 81 48 A0 07 A0 05 03 03 00 08 00 00 0E A1 0C 02 01 01 02 02 00 D3 30 03 0A 01 02
20161101 141705  00 38 A2 36 02 01 04 30 31 02 01 47 30 2C 55 04 01 11 00 00 A0 24 80 04 06 80 03 C0 86 02 03 70 87 02 06 C0 88 03 05 BA 00 89 03 02 00 34 83 02 05 20 85 02 01 FE 84 02 07 00
20161101 141706  00 38 A2 36 02 01 05 30 31 02 01 47 30 2C 55 04 01 11 00 01 A0 24 80 04 06 80 03 C0 86 02 03 70 87 02 06 C0 88 03 05 BA 00 89 03 02 00 34 83 02 05 20 85 02 01 FE 84 02 07 00
20161101 141707  00 38 A2 36 02 01 06 30 31 02 01 47 30 2C 55 04 01 11 00 02 A0 24 80 04 06 80 03 C0 86 02 03 70 87 02 06 C0 88 03 05 BA 00 89 03 02 00 34 83 02 05 20 85 02 01 FE 84 02 07 00
20161101 141912  00 31 61 2F 80 02 07 80 A1 07 06 05 2B 0C 00 81 5A A2 03 02 01 00 A3 05 A1 03 02 01 01 BE 14 28 12 06 07 2B 0C 00 82 1D 81 48 A0 07 A0 05 03 03 00 08 00 00 0E A1 0C 02 01 01 02 02 00 D3 30 03 0A 01 02
20161101 141912  00 38 A2 36 02 01 01 30 31 02 01 47 30 2C 55 04 01 11 00 00 A0 24 80 04 06 80 03 C0 86 02 03 70 87 02 06 C0 88 03 05 BA 00 89 03 02 00 34 83 02 05 20 85 02 01 FE 84 02 07 00
20161101 141913  00 38 A2 36 02 01 02 30 31 02 01 47 30 2C 55 04 01 11 00 01 A0 24 80 04 06 80 03 C0 86 02 03 70 87 02 06 C0 88 03 05 BA 00 89 03 02 00 34 83 02 05 20 85 02 01 FE 84 02 07 00
20161101 141914  00 38 A2 36 02 01 03 30 31 02 01 47 30 2C 55 04 01 11 00 02 A0 24 80 04 06 80 03 C0 86 02 03 70 87 02 06 C0 88 03 05 BA 00 89 03 02 00 34 83 02 05 20 85 02 01 FE 84 02 07 00
20161101 141915  00 31 61 2F 80 02 07 80 A1 07 06 05 2B 0C 00 81 5A A2 03 02 01 00 A3 05 A1 03 02 01 01 BE 14 28 12 06 07 2B 0C 00 82 1D 81 48 A0 07 A0 05 03 03 00 08 00
20161101 141915  00 0E A1 0C 02 01 01 02 02 00 D3 30 03 0A 01 02
20161101 141915  00 38 A2 36 02 01 04 30 31 02 01 47 30 2C 55 04 01 11 00 00 A0 24 80 04 06 80 03 C0 86 02 03 70 87 02 06 C0 88 03 05 BA 00 89 03 02 00 34 83 02 05 20 85 02 01 FE 84 02 07 00
20161101 141916  00 38 A2 36 02 01 05 30 31 02 01 47 30 2C 55 04 01 11 00 01 A0 24 80 04 06 80 03 C0 86 02 03 70 87 02 06 C0 88 03 05 BA 00 89 03 02 00 34 83 02 05 20 85 02 01 FE 84 02 07 00
20161101 141917  00 38 A2 36 02 01 06 30 31 02 01 47 30 2C 55 04 01 11 00 02 A0 24 80 04 06 80 03 C0 86 02 03 70 87 02 06 C0 88 03 05 BA 00 89 03 02 00 34 83 02 05 20 85 02 01 FE 84 02 07 00
20161101 142115  00 0E A1 0C 02 01 02 02 02 00 D3 30 03 0A 01 02
20161101 142315  00 0E A1 0C 02 01 03 02 02 00 D3 30 03 0A 01 02
20161101 142516  00 0E A1 0C 02 01 04 02 02 00 D3 30 03 0A 01 02
20161101 142716  00 0E A1 0C 02 01 05 02 02 00 D3 30 03 0A 01 02
20161101 142916  00 0E A1 0C 02 01 06 02 02 00 D3 30 03 0A 01 02
20161101 143053  00 08 A4 06 02 01 07 81 01 01
20161101 143116  00 0E A1 0C 02 01 07 02 02 00 D3 30 03 0A 01 02
20161101 143304  00 31 61 2F 80 02 07 80 A1 07 06 05 2B 0C 00 81 5A A2 03 02 01 00 A3 05 A1 03 02 01 01 BE 14 28 12 06 07 2B 0C 00 82 1D 81 48 A0 07 A0 05 03 03 00 08 00 00 0E A1 0C 02 01 01 02 02 00 D3 30 03 0A 01 02
20161101 143304  00 38 A2 36 02 01 01 30 31 02 01 47 30 2C 55 04 01 11 00 00 A0 24 80 04 06 80 03 C0 86 02 03 70 87 02 06 C0 88 03 05 BA 00 89 03 02 00 34 83 02 05 20 85 02 01 FE 84 02 07 00
20161101 143305  00 38 A2 36 02 01 02 30 31 02 01 47 30 2C 55 04 01 11 00 01 A0 24 80 04 06 80 03 C0 86 02 03 70 87 02 06 C0 88 03 05 BA 00 89 03 02 00 34 83 02 05 20 85 02 01 FE 84 02 07 00
20161101 143306  00 38 A2 36 02 01 03 30 31 02 01 47 30 2C 55 04 01 11 00 02 A0 24 80 04 06 80 03 C0 86 02 03 70 87 02 06 C0 88 03 05 BA 00 89 03 02 00 34 83 02 05 20 85 02 01 FE 84 02 07 00
20161101 143307  00 31 61 2F 80 02 07 80 A1 07 06 05 2B 0C 00 81 5A A2 03 02 01 00 A3 05 A1 03 02 01 01 BE 14 28 12 06 07 2B 0C 00 82 1D 81 48 A0 07 A0 05 03 03 00 08 00
20161101 143307  00 0E A1 0C 02 01 01 02 02 00 D3 30 03 0A 01 02
20161101 143307  00 38 A2 36 02 01 04 30 31 02 01 47 30 2C 55 04 01 11 00 00 A0 24 80 04 06 80 03 C0 86 02 03 70 87 02 06 C0 88 03 05 BA 00 89 03 02 00 34 83 02 05 20 85 02 01 FE 84 02 07 00
20161101 143308  00 38 A2 36 02 01 05 30 31 02 01 47 30 2C 55 04 01 11 00 01 A0 24 80 04 06 80 03 C0 86 02 03 70 87 02 06 C0 88 03 05 BA 00 89 03 02 00 34 83 02 05 20 85 02 01 FE 84 02 07 00
20161101 143309  00 38 A2 36 02 01 06 30 31 02 01 47 30 2C 55 04 01 11 00 02 A0 24 80 04 06 80 03 C0 86 02 03 70 87 02 06 C0 88 03 05 BA 00 89 03 02 00 34 83 02 05 20 85 02 01 FE 84 02 07 00
20161101 143338  00 08 A4 06 02 01 07 81 01 01
20161101 161622  00 31 61 2F 80 02 07 80 A1 07 06 05 2B 0C 00 81 5A A2 03 02 01 00 A3 05 A1 03 02 01 01 BE 14 28 12 06 07 2B 0C 00 82 1D 81 48 A0 07 A0 05 03 03 00 08 00 00 0E A1 0C 02 01 01 02 02 00 D3 30 03 0A 01 02
20161101 161622  00 38 A2 36 02 01 01 30 31 02 01 47 30 2C 55 04 01 11 00 00 A0 24 80 04 06 80 03 C0 86 02 03 70 87 02 06 C0 88 03 05 BA 00 89 03 02 00 34 83 02 05 20 85 02 01 FE 84 02 07 00
20161101 161623  00 38 A2 36 02 01 02 30 31 02 01 47 30 2C 55 04 01 11 00 01 A0 24 80 04 06 80 03 C0 86 02 03 70 87 02 06 C0 88 03 05 BA 00 89 03 02 00 34 83 02 05 20 85 02 01 FE 84 02 07 00
20161101 161624  00 38 A2 36 02 01 03 30 31 02 01 47 30 2C 55 04 01 11 00 02 A0 24 80 04 06 80 03 C0 86 02 03 70 87 02 06 C0 88 03 05 BA 00 89 03 02 00 34 83 02 05 20 85 02 01 FE 84 02 07 00
20161101 161625  00 31 61 2F 80 02 07 80 A1 07 06 05 2B 0C 00 81 5A A2 03 02 01 00 A3 05 A1 03 02 01 01 BE 14 28 12 06 07 2B 0C 00 82 1D 81 48 A0 07 A0 05 03 03 00 08 00 00 0E A1 0C 02 01 01 02 02 00 D3 30 03 0A 01 02
20161101 161625  00 38 A2 36 02 01 04 30 31 02 01 47 30 2C 55 04 01 11 00 00 A0 24 80 04 06 80 03 C0 86 02 03 70 87 02 06 C0 88 03 05 BA 00 89 03 02 00 34 83 02 05 20 85 02 01 FE 84 02 07 00
20161101 161626  00 38 A2 36 02 01 05 30 31 02 01 47 30 2C 55 04 01 11 00 01 A0 24 80 04 06 80 03 C0 86 02 03 70 87 02 06 C0 88 03 05 BA 00 89 03 02 00 34 83 02 05 20 85 02 01 FE 84 02 07 00
20161101 161627  00 38 A2 36 02 01 06 30 31 02 01 47 30 2C 55 04 01 11 00 02 A0 24 80 04 06 80 03 C0 86 02 03 70 87 02 06 C0 88 03 05 BA 00 89 03 02 00 34 83 02 05 20 85 02 01 FE 84 02 07 00
20161101 161702  00 08 A4 06 02 01 07 81 01 01
