20161201 125502  00 31 61 2F 80 02 07 80 A1 07 06 05 2B 0C 00 81 5A A2 03 02 01 00 A3 05 A1 03 02 01 01 BE 14 28 12 06 07 2B 0C 00 82 1D 81 48 A0 07 A0 05 03 03 00 08 00 00 0E A1 0C 02 01 01 02 02 00 D3 30 03 0A 01 02
20161201 125502  00 0D A3 0B 02 01 01 02 01 01 A0 03 0A 01 0C
20161201 130041  00 31 61 2F 80 02 07 80 A1 07 06 05 2B 0C 00 81 5A A2 03 02 01 00 A3 05 A1 03 02 01 01 BE 14 28 12 06 07 2B 0C 00 82 1D 81 48 A0 07 A0 05 03 03 00 08 00 00 0E A1 0C 02 01 01 02 02 00 D3 30 03 0A 01 02
20161201 130042  00 38 A2 36 02 01 01 30 31 02 01 47 30 2C 55 04 01 11 00 04 A0 24 80 04 06 80 03 C0 86 02 03 70 87 02 06 C0 88 03 05 BA 00 89 03 02 00 34 83 02 05 20 85 02 01 FE 84 02 07 00
20161201 130043  00 38 A2 36 02 01 02 30 31 02 01 47 30 2C 55 04 01 11 00 05 A0 24 80 04 06 80 03 C0 86 02 03 70 87 02 06 C0 88 03 05 BA 00 89 03 02 00 34 83 02 05 20 85 02 01 FE 84 02 07 00
20161201 130044  00 31 61 2F 80 02 07 80 A1 07 06 05 2B 0C 00 81 5A A2 03 02 01 00 A3 05 A1 03 02 01 01 BE 14 28 12 06 07 2B 0C 00 82 1D 81 48 A0 07 A0 05 03 03 00 08 00 00 0E A1 0C 02 01 01 02 02 00 D3 30 03 0A 01 02
20161201 130044  00 38 A2 36 02 01 03 30 31 02 01 47 30 2C 55 04 01 11 00 04 A0 24 80 04 06 80 03 C0 86 02 03 70 87 02 06 C0 88 03 05 BA 00 89 03 02 00 34 83 02 05 20 85 02 01 FE 84 02 07 00
20161201 130045  00 38 A2 36 02 01 04 30 31 02 01 47 30 2C 55 04 01 11 00 05 A0 24 80 04 06 80 03 C0 86 02 03 70 87 02 06 C0 88 03 05 BA 00 89 03 02 00 34 83 02 05 20 85 02 01 FE 84 02 07 00
20161201 130052  00 38 A1 36 02 01 02 02 01 15 30 2E 55 04 01 11 00 04 A0 26 B0 24 6B 12 30 10 80 04 30 30 30 42 A1 08 30 06 80 04 37 30 30 31 63 08 30 06 80 04 37 30 30 31 4E 01 01 0A 01 16
20161201 130055  00 38 A1 36 02 01 03 02 01 15 30 2E 55 04 01 11 00 04 A0 26 A3 24 6B 12 30 10 80 04 30 30 30 42 A1 08 30 06 80 04 37 30 30 31 63 08 30 06 80 04 37 30 30 31 4E 01 00 0A 01 30
20161201 130134  00 38 A1 36 02 01 04 02 01 15 30 2E 55 04 01 11 00 04 A0 26 B0 24 6B 12 30 10 80 04 30 30 30 43 A1 08 30 06 80 04 37 30 30 31 63 08 30 06 80 04 37 30 30 31 4E 01 01 0A 01 16
20161201 130137  00 38 A1 36 02 01 05 02 01 15 30 2E 55 04 01 11 00 04 A0 26 A3 24 6B 12 30 10 80 04 30 30 30 43 A1 08 30 06 80 04 37 30 30 31 63 08 30 06 80 04 37 30 30 31 4E 01 00 0A 01 30
20161201 132309  00 31 61 2F 80 02 07 80 A1 07 06 05 2B 0C 00 81 5A A2 03 02 01 00 A3 05 A1 03 02 01 01 BE 14 28 12 06 07 2B 0C 00 82 1D 81 48 A0 07 A0 05 03 03 00 08 00 00 0E A1 0C 02 01 01 02 02 00 D3 30 03 0A 01 02
20161201 132310  00 38 A2 36 02 01 01 30 31 02 01 47 30 2C 55 04 01 11 00 04 A0 24 80 04 06 80 03 C0 86 02 03 70 87 02 06 C0 88 03 05 BA 00 89 03 02 00 34 83 02 05 20 85 02 01 FE 84 02 07 00
20161201 132311  00 38 A2 36 02 01 02 30 31 02 01 47 30 2C 55 04 01 11 00 05 A0 24 80 04 06 80 03 C0 86 02 03 70 87 02 06 C0 88 03 05 BA 00 89 03 02 00 34 83 02 05 20 85 02 01 FE 84 02 07 00
20161201 132312  00 31 61 2F 80 02 07 80 A1 07 06 05 2B 0C 00 81 5A A2 03 02 01 00 A3 05 A1 03 02 01 01 BE 14 28 12 06 07 2B 0C 00 82 1D 81 48 A0 07 A0 05 03 03 00 08 00 00 0E A1 0C 02 01 01 02 02 00 D3 30 03 0A 01 02
20161201 132312  00 38 A2 36 02 01 03 30 31 02 01 47 30 2C 55 04 01 11 00 04 A0 24 80 04 06 80 03 C0 86 02 03 70 87 02 06 C0 88 03 05 BA 00 89 03 02 00 34 83 02 05 20 85 02 01 FE 84 02 07 00
20161201 132313  00 38 A2 36 02 01 04 30 31 02 01 47 30 2C 55 04 01 11 00 05 A0 24 80 04 06 80 03 C0 86 02 03 70 87 02 06 C0 88 03 05 BA 00 89 03 02 00 34 83 02 05 20 85 02 01 FE 84 02 07 00
20161201 132319  00 38 A1 36 02 01 02 02 01 15 30 2E 55 04 01 11 00 04 A0 26 B0 24 6B 12 30 10 80 04 30 30 30 44 A1 08 30 06 80 04 37 30 30 31 63 08 30 06 80 04 37 30 30 31 4E 01 01 0A 01 16
20161201 132325  00 38 A1 36 02 01 03 02 01 15 30 2E 55 04 01 11 00 04 A0 26 A3 24 6B 12 30 10 80 04 30 30 30 44 A1 08 30 06 80 04 37 30 30 31 63 08 30 06 80 04 37 30 30 31 4E 01 00 0A 01 30
20161201 132334  00 38 A1 36 02 01 04 02 01 15 30 2E 55 04 01 11 00 04 A0 26 B0 24 6B 12 30 10 80 04 30 30 30 45 A1 08 30 06 80 04 37 30 30 31 63 08 30 06 80 04 37 30 30 31 4E 01 01 0A 01 16
20161201 132337  00 38 A1 36 02 01 05 02 01 15 30 2E 55 04 01 11 00 04 A0 26 A3 24 6B 12 30 10 80 04 30 30 30 45 A1 08 30 06 80 04 37 30 30 31 63 08 30 06 80 04 37 30 30 31 4E 01 00 0A 01 30
20161201 132338  00 38 A1 36 02 01 06 02 01 15 30 2E 55 04 01 11 00 04 A0 26 B0 24 6B 12 30 10 80 04 30 30 30 46 A1 08 30 06 80 04 37 30 30 31 63 08 30 06 80 04 37 30 30 31 4E 01 01 0A 01 16
20161201 132341  00 38 A1 36 02 01 07 02 01 15 30 2E 55 04 01 11 00 04 A0 26 A3 24 6B 12 30 10 80 04 30 30 30 46 A1 08 30 06 80 04 37 30 30 31 63 08 30 06 80 04 37 30 30 31 4E 01 00 0A 01 30
20161201 132342  00 38 A1 36 02 01 08 02 01 15 30 2E 55 04 01 11 00 04 A0 26 B0 24 6B 12 30 10 80 04 30 30 31 30 A1 08 30 06 80 04 37 30 30 31 63 08 30 06 80 04 37 30 30 31 4E 01 01 0A 01 16
20161201 132345  00 38 A1 36 02 01 09 02 01 15 30 2E 55 04 01 11 00 04 A0 26 A3 24 6B 12 30 10 80 04 30 30 31 30 A1 08 30 06 80 04 37 30 30 31 63 08 30 06 80 04 37 30 30 31 4E 01 00 0A 01 30
20161201 132346  00 38 A1 36 02 01 0A 02 01 15 30 2E 55 04 01 11 00 04 A0 26 B0 24 6B 12 30 10 80 04 30 30 31 31 A1 08 30 06 80 04 37 30 30 31 63 08 30 06 80 04 37 30 30 31 4E 01 01 0A 01 16
20161201 132347  00 38 A1 36 02 01 0B 02 01 15 30 2E 55 04 01 11 00 04 A0 26 A3 24 6B 12 30 10 80 04 30 30 31 31 A1 08 30 06 80 04 37 30 30 31 63 08 30 06 80 04 37 30 30 31 4E 01 00 0A 01 30
20161201 132804  00 31 61 2F 80 02 07 80 A1 07 06 05 2B 0C 00 81 5A A2 03 02 01 00 A3 05 A1 03 02 01 01 BE 14 28 12 06 07 2B 0C 00 82 1D 81 48 A0 07 A0 05 03 03 00 08 00 00 0E A1 0C 02 01 01 02 02 00 D3 30 03 0A 01 02
20161201 132804  00 38 A2 36 02 01 01 30 31 02 01 47 30 2C 55 04 01 11 00 04 A0 24 80 04 06 80 03 C0 86 02 03 70 87 02 06 C0 88 03 05 BA 00 89 03 02 00 34 83 02 05 20 85 02 01 FE 84 02 07 00
20161201 132805  00 38 A2 36 02 01 02 30 31 02 01 47 30 2C 55 04 01 11 00 05 A0 24 80 04 06 80 03 C0 86 02 03 70 87 02 06 C0 88 03 05 BA 00 89 03 02 00 34 83 02 05 20 85 02 01 FE 84 02 07 00
20161201 132806  00 31 61 2F 80 02 07 80 A1 07 06 05 2B 0C 00 81 5A A2 03 02 01 00 A3 05 A1 03 02 01 01 BE 14 28 12 06 07 2B 0C 00 82 1D 81 48 A0 07 A0 05 03 03 00 08 00 00 0E A1 0C 02 01 01 02 02 00 D3 30 03 0A 01 02
20161201 132806  00 38 A2 36 02 01 03 30 31 02 01 47 30 2C 55 04 01 11 00 04 A0 24 80 04 06 80 03 C0 86 02 03 70 87 02 06 C0 88 03 05 BA 00 89 03 02 00 34 83 02 05 20 85 02 01 FE 84 02 07 00
20161201 132807  00 38 A2 36 02 01 04 30 31 02 01 47 30 2C 55 04 01 11 00 05 A0 24 80 04 06 80 03 C0 86 02 03 70 87 02 06 C0 88 03 05 BA 00 89 03 02 00 34 83 02 05 20 85 02 01 FE 84 02 07 00
20161201 132813  00 38 A1 36 02 01 02 02 01 15 30 2E 55 04 01 11 00 04 A0 26 B0 24 6B 12 30 10 80 04 30 30 31 32 A1 08 30 06 80 04 37 30 30 31 63 08 30 06 80 04 37 30 30 31 4E 01 01 0A 01 16
20161201 132815  00 38 A1 36 02 01 03 02 01 15 30 2E 55 04 01 11 00 04 A0 26 A3 24 6B 12 30 10 80 04 30 30 31 32 A1 08 30 06 80 04 37 30 30 31 63 08 30 06 80 04 37 30 30 31 4E 01 00 0A 01 30
20161201 132816  00 38 A1 36 02 01 04 02 01 15 30 2E 55 04 01 11 00 04 A0 26 B0 24 6B 12 30 10 80 04 30 30 31 33 A1 08 30 06 80 04 37 30 30 31 63 08 30 06 80 04 37 30 30 31 4E 01 01 0A 01 16
20161201 132819  00 4A A1 48 02 01 05 02 01 15 30 40 55 04 01 11 00 04 A0 38 A8 36 6B 12 30 10 80 04 30 30 31 33 A1 08 30 06 80 04 37 30 30 31 63 08 30 06 80 04 37 30 30 31 61 08 30 06 80 04 37 30 30 31 62 02 87 00 64 02 88 00 4E 01 06 0A 01 45
20161201 132823  00 38 A1 36 02 01 06 02 01 15 30 2E 55 04 01 11 00 04 A0 26 A3 24 6B 12 30 10 80 04 30 30 31 33 A1 08 30 06 80 04 37 30 30 31 63 08 30 06 80 04 37 30 30 31 4E 01 00 0A 01 30
20161201 132823  00 38 A1 36 02 01 07 02 01 15 30 2E 55 04 01 11 00 04 A0 26 B0 24 6B 12 30 10 80 04 30 30 31 34 A1 08 30 06 80 04 37 30 30 31 63 08 30 06 80 04 37 30 30 31 4E 01 01 0A 01 16
20161201 132825  00 42 A1 40 02 01 08 02 01 15 30 38 55 04 01 11 00 04 A0 30 AD 2E 6B 12 30 10 80 04 30 30 31 34 A1 08 30 06 80 04 37 30 30 31 63 08 30 06 80 04 37 30 30 31 62 08 30 06 80 04 37 30 30 32 4E 01 03 0A 01 16
20161201 132825  00 50 A1 4E 02 01 09 02 01 15 30 46 55 04 01 11 00 04 A0 3E A4 3C 6B 12 30 10 80 04 30 30 31 34 A1 08 30 06 80 04 37 30 30 32 63 08 30 06 80 04 37 30 30 32 61 08 30 06 80 04 37 30 30 31 62 08 30 06 80 04 37 30 30 32 64 02 88 00 4E 01 03 0A 01 16 00 50 A1 4E 02 01 0A 02 01 15 30 46 55 04 01 11 00 05 A0 3E A4 3C 6B 12 30 10 80 04 30 30 31 34 A1 08 30 06 80 04 37 30 30 32 63 08 30 06 80 04 37 30 30 32 61 08 30 06 80 04 37 30 30 31 62 08 30 06 80 04 37 30 30 32 64 02 88 00 4E 01 02 0A 01 16 00 32 A1 30 02 01 0B 02 01 15 30 28 55 04 01 11 00 05 A3 20 A8 1E 63 08 30 06 80 04 37 30 30 32 04 01 31 0A 01 00 7E 0C A1 0A A6 08 AD 06 04 04 30 30 31 34
20161201 132828  00 50 A1 4E 02 01 0C 02 01 15 30 46 55 04 01 11 00 04 A0 3E A7 3C 6B 12 30 10 80 04 30 30 31 34 A1 08 30 06 80 04 37 30 30 32 63 08 30 06 80 04 37 30 30 32 61 08 30 06 80 04 37 30 30 31 62 08 30 06 80 04 37 30 30 32 64 02 88 00 4E 01 03 0A 01 16
20161201 132828  00 50 A1 4E 02 01 0D 02 01 15 30 46 55 04 01 11 00 05 A0 3E A7 3C 6B 12 30 10 80 04 30 30 31 34 A1 08 30 06 80 04 37 30 30 32 63 08 30 06 80 04 37 30 30 32 61 08 30 06 80 04 37 30 30 31 62 08 30 06 80 04 37 30 30 32 64 02 88 00 4E 01 03 0A 01 16
20161201 132833  00 38 A1 36 02 01 0E 02 01 15 30 2E 55 04 01 11 00 05 A0 26 A3 24 6B 12 30 10 80 04 30 30 31 34 A1 08 30 06 80 04 37 30 30 32 63 08 30 06 80 04 37 30 30 32 4E 01 00 0A 01 30
20161201 132833  00 38 A1 36 02 01 0F 02 01 15 30 2E 55 04 01 11 00 04 A0 26 A3 24 6B 12 30 10 80 04 30 30 31 34 A1 08 30 06 80 04 37 30 30 32 63 08 30 06 80 04 37 30 30 32 4E 01 03 0A 01 30 00 50 A1 4E 02 01 10 02 01 15 30 46 55 04 01 11 00 04 A0 3E A8 3C 6B 12 30 10 80 04 30 30 31 34 A1 08 30 06 80 04 37 30 30 31 63 08 30 06 80 04 37 30 30 31 61 08 30 06 80 04 37 30 30 31 62 08 30 06 80 04 37 30 30 32 64 02 88 00 4E 01 06 0A 01 23
20161201 132833  00 38 A1 36 02 01 11 02 01 15 30 2E 55 04 01 11 00 04 A0 26 A3 24 6B 12 30 10 80 04 30 30 31 34 A1 08 30 06 80 04 37 30 30 31 63 08 30 06 80 04 37 30 30 31 4E 01 00 0A 01 30
20161201 133534  00 31 61 2F 80 02 07 80 A1 07 06 05 2B 0C 00 81 5A A2 03 02 01 00 A3 05 A1 03 02 01 01 BE 14 28 12 06 07 2B 0C 00 82 1D 81 48 A0 07 A0 05 03 03 00 08 00 00 0E A1 0C 02 01 01 02 02 00 D3 30 03 0A 01 02
20161201 133535  00 38 A2 36 02 01 01 30 31 02 01 47 30 2C 55 04 01 11 00 04 A0 24 80 04 06 80 03 C0 86 02 03 70 87 02 06 C0 88 03 05 BA 00 89 03 02 00 34 83 02 05 20 85 02 01 FE 84 02 07 00
20161201 133536  00 38 A2 36 02 01 02 30 31 02 01 47 30 2C 55 04 01 11 00 05 A0 24 80 04 06 80 03 C0 86 02 03 70 87 02 06 C0 88 03 05 BA 00 89 03 02 00 34 83 02 05 20 85 02 01 FE 84 02 07 00
20161201 133537  00 31 61 2F 80 02 07 80 A1 07 06 05 2B 0C 00 81 5A A2 03 02 01 00 A3 05 A1 03 02 01 01 BE 14 28 12 06 07 2B 0C 00 82 1D 81 48 A0 07 A0 05 03 03 00 08 00
20161201 133537  00 0E A1 0C 02 01 01 02 02 00 D3 30 03 0A 01 02
20161201 133537  00 38 A2 36 02 01 03 30 31 02 01 47 30 2C 55 04 01 11 00 04 A0 24 80 04 06 80 03 C0 86 02 03 70 87 02 06 C0 88 03 05 BA 00 89 03 02 00 34 83 02 05 20 85 02 01 FE 84 02 07 00
20161201 133538  00 38 A2 36 02 01 04 30 31 02 01 47 30 2C 55 04 01 11 00 05 A0 24 80 04 06 80 03 C0 86 02 03 70 87 02 06 C0 88 03 05 BA 00 89 03 02 00 34 83 02 05 20 85 02 01 FE 84 02 07 00
20161201 133544  00 38 A1 36 02 01 02 02 01 15 30 2E 55 04 01 11 00 04 A0 26 B0 24 6B 12 30 10 80 04 30 30 31 35 A1 08 30 06 80 04 37 30 30 31 63 08 30 06 80 04 37 30 30 31 4E 01 01 0A 01 16
20161201 133548  00 42 A1 40 02 01 03 02 01 15 30 38 55 04 01 11 00 04 A0 30 AD 2E 6B 12 30 10 80 04 30 30 31 35 A1 08 30 06 80 04 37 30 30 31 63 08 30 06 80 04 37 30 30 31 62 08 30 06 80 04 37 30 30 32 4E 01 03 0A 01 16
20161201 133548  00 50 A1 4E 02 01 04 02 01 15 30 46 55 04 01 11 00 04 A0 3E A4 3C 6B 12 30 10 80 04 30 30 31 35 A1 08 30 06 80 04 37 30 30 32 63 08 30 06 80 04 37 30 30 32 61 08 30 06 80 04 37 30 30 31 62 08 30 06 80 04 37 30 30 32 64 02 88 00 4E 01 03 0A 01 16 00 50 A1 4E 02 01 05 02 01 15 30 46 55 04 01 11 00 05 A0 3E A4 3C 6B 12 30 10 80 04 30 30 31 35 A1 08 30 06 80 04 37 30 30 32 63 08 30 06 80 04 37 30 30 32 61 08 30 06 80 04 37 30 30 31 62 08 30 06 80 04 37 30 30 32 64 02 88 00 4E 01 02 0A 01 16 00 32 A1 30 02 01 06 02 01 15 30 28 55 04 01 11 00 05 A3 20 A8 1E 63 08 30 06 80 04 37 30 30 32 04 01 31 0A 01 00 7E 0C A1 0A A6 08 AD 06 04 04 30 30 31 35
20161201 133551  00 50 A1 4E 02 01 07 02 01 15 30 46 55 04 01 11 00 04 A0 3E A7 3C 6B 12 30 10 80 04 30 30 31 35 A1 08 30 06 80 04 37 30 30 32 63 08 30 06 80 04 37 30 30 32 61 08 30 06 80 04 37 30 30 31 62 08 30 06 80 04 37 30 30 32 64 02 88 00 4E 01 03 0A 01 16
20161201 133551  00 50 A1 4E 02 01 08 02 01 15 30 46 55 04 01 11 00 05 A0 3E A7 3C 6B 12 30 10 80 04 30 30 31 35 A1 08 30 06 80 04 37 30 30 32 63 08 30 06 80 04 37 30 30 32 61 08 30 06 80 04 37 30 30 31 62 08 30 06 80 04 37 30 30 32 64 02 88 00 4E 01 03 0A 01 16
20161201 133554  00 38 A1 36 02 01 09 02 01 15 30 2E 55 04 01 11 00 05 A0 26 A3 24 6B 12 30 10 80 04 30 30 31 35 A1 08 30 06 80 04 37 30 30 32 63 08 30 06 80 04 37 30 30 32 4E 01 00 0A 01 30
20161201 133554  00 38 A1 36 02 01 0A 02 01 15 30 2E 55 04 01 11 00 04 A0 26 A3 24 6B 12 30 10 80 04 30 30 31 35 A1 08 30 06 80 04 37 30 30 32 63 08 30 06 80 04 37 30 30 32 4E 01 03 0A 01 30 00 50 A1 4E 02 01 0B 02 01 15 30 46 55 04 01 11 00 04 A0 3E A8 3C 6B 12 30 10 80 04 30 30 31 35 A1 08 30 06 80 04 37 30 30 31 63 08 30 06 80 04 37 30 30 31 61 08 30 06 80 04 37 30 30 31 62 08 30 06 80 04 37 30 30 32 64 02 88 00 4E 01 06 0A 01 23
20161201 133554  00 38 A1 36 02 01 0C 02 01 15 30 2E 55 04 01 11 00 04 A0 26 A3 24 6B 12 30 10 80 04 30 30 31 35 A1 08 30 06 80 04 37 30 30 31 63 08 30 06 80 04 37 30 30 31 4E 01 00 0A 01 30
20161201 133853  00 31 61 2F 80 02 07 80 A1 07 06 05 2B 0C 00 81 5A A2 03 02 01 00 A3 05 A1 03 02 01 01 BE 14 28 12 06 07 2B 0C 00 82 1D 81 48 A0 07 A0 05 03 03 00 08 00 00 0E A1 0C 02 01 01 02 02 00 D3 30 03 0A 01 02
20161201 133853  00 38 A2 36 02 01 01 30 31 02 01 47 30 2C 55 04 01 11 00 04 A0 24 80 04 06 80 03 C0 86 02 03 70 87 02 06 C0 88 03 05 BA 00 89 03 02 00 34 83 02 05 20 85 02 01 FE 84 02 07 00
20161201 133854  00 38 A2 36 02 01 02 30 31 02 01 47 30 2C 55 04 01 11 00 05 A0 24 80 04 06 80 03 C0 86 02 03 70 87 02 06 C0 88 03 05 BA 00 89 03 02 00 34 83 02 05 20 85 02 01 FE 84 02 07 00
20161201 133856  00 31 61 2F 80 02 07 80 A1 07 06 05 2B 0C 00 81 5A A2 03 02 01 00 A3 05 A1 03 02 01 01 BE 14 28 12 06 07 2B 0C 00 82 1D 81 48 A0 07 A0 05 03 03 00 08 00 00 0E A1 0C 02 01 01 02 02 00 D3 30 03 0A 01 02
20161201 133856  00 38 A2 36 02 01 03 30 31 02 01 47 30 2C 55 04 01 11 00 04 A0 24 80 04 06 80 03 C0 86 02 03 70 87 02 06 C0 88 03 05 BA 00 89 03 02 00 34 83 02 05 20 85 02 01 FE 84 02 07 00
20161201 133857  00 38 A2 36 02 01 04 30 31 02 01 47 30 2C 55 04 01 11 00 05 A0 24 80 04 06 80 03 C0 86 02 03 70 87 02 06 C0 88 03 05 BA 00 89 03 02 00 34 83 02 05 20 85 02 01 FE 84 02 07 00
20161201 133857  00 38 A1 36 02 01 02 02 01 15 30 2E 55 04 01 11 00 04 A0 26 B0 24 6B 12 30 10 80 04 30 30 31 36 A1 08 30 06 80 04 37 30 30 31 63 08 30 06 80 04 37 30 30 31 4E 01 01 0A 01 16
20161201 134130  00 31 61 2F 80 02 07 80 A1 07 06 05 2B 0C 00 81 5A A2 03 02 01 00 A3 05 A1 03 02 01 01 BE 14 28 12 06 07 2B 0C 00 82 1D 81 48 A0 07 A0 05 03 03 00 08 00 00 0E A1 0C 02 01 01 02 02 00 D3 30 03 0A 01 02
20161201 134130  00 38 A2 36 02 01 01 30 31 02 01 47 30 2C 55 04 01 11 00 04 A0 24 80 04 06 80 03 C0 86 02 03 70 87 02 06 C0 88 03 05 BA 00 89 03 02 00 34 83 02 05 20 85 02 01 FE 84 02 07 00
20161201 134131  00 38 A2 36 02 01 02 30 31 02 01 47 30 2C 55 04 01 11 00 05 A0 24 80 04 06 80 03 C0 86 02 03 70 87 02 06 C0 88 03 05 BA 00 89 03 02 00 34 83 02 05 20 85 02 01 FE 84 02 07 00
20161201 134132  00 31 61 2F 80 02 07 80 A1 07 06 05 2B 0C 00 81 5A A2 03 02 01 00 A3 05 A1 03 02 01 01 BE 14 28 12 06 07 2B 0C 00 82 1D 81 48 A0 07 A0 05 03 03 00 08 00
20161201 134132  00 0E A1 0C 02 01 01 02 02 00 D3 30 03 0A 01 02
20161201 134132  00 38 A2 36 02 01 03 30 31 02 01 47 30 2C 55 04 01 11 00 04 A0 24 80 04 06 80 03 C0 86 02 03 70 87 02 06 C0 88 03 05 BA 00 89 03 02 00 34 83 02 05 20 85 02 01 FE 84 02 07 00
20161201 134133  00 38 A2 36 02 01 04 30 31 02 01 47 30 2C 55 04 01 11 00 05 A0 24 80 04 06 80 03 C0 86 02 03 70 87 02 06 C0 88 03 05 BA 00 89 03 02 00 34 83 02 05 20 85 02 01 FE 84 02 07 00
20161201 134136  00 38 A1 36 02 01 02 02 01 15 30 2E 55 04 01 11 00 04 A0 26 B0 24 6B 12 30 10 80 04 30 30 31 37 A1 08 30 06 80 04 37 30 30 31 63 08 30 06 80 04 37 30 30 31 4E 01 01 0A 01 16
20161201 134225  00 31 61 2F 80 02 07 80 A1 07 06 05 2B 0C 00 81 5A A2 03 02 01 00 A3 05 A1 03 02 01 01 BE 14 28 12 06 07 2B 0C 00 82 1D 81 48 A0 07 A0 05 03 03 00 08 00 00 0E A1 0C 02 01 01 02 02 00 D3 30 03 0A 01 02
20161201 134225  00 38 A2 36 02 01 01 30 31 02 01 47 30 2C 55 04 01 11 00 04 A0 24 80 04 06 80 03 C0 86 02 03 70 87 02 06 C0 88 03 05 BA 00 89 03 02 00 34 83 02 05 20 85 02 01 FE 84 02 07 00
20161201 134226  00 38 A2 36 02 01 02 30 31 02 01 47 30 2C 55 04 01 11 00 05 A0 24 80 04 06 80 03 C0 86 02 03 70 87 02 06 C0 88 03 05 BA 00 89 03 02 00 34 83 02 05 20 85 02 01 FE 84 02 07 00
20161201 134227  00 31 61 2F 80 02 07 80 A1 07 06 05 2B 0C 00 81 5A A2 03 02 01 00 A3 05 A1 03 02 01 01 BE 14 28 12 06 07 2B 0C 00 82 1D 81 48 A0 07 A0 05 03 03 00 08 00 00 0E A1 0C 02 01 01 02 02 00 D3 30 03 0A 01 02
20161201 134227  00 38 A2 36 02 01 03 30 31 02 01 47 30 2C 55 04 01 11 00 04 A0 24 80 04 06 80 03 C0 86 02 03 70 87 02 06 C0 88 03 05 BA 00 89 03 02 00 34 83 02 05 20 85 02 01 FE 84 02 07 00
20161201 134228  00 38 A2 36 02 01 04 30 31 02 01 47 30 2C 55 04 01 11 00 05 A0 24 80 04 06 80 03 C0 86 02 03 70 87 02 06 C0 88 03 05 BA 00 89 03 02 00 34 83 02 05 20 85 02 01 FE 84 02 07 00
20161201 134231  00 38 A1 36 02 01 02 02 01 15 30 2E 55 04 01 11 00 04 A0 26 B0 24 6B 12 30 10 80 04 30 30 31 38 A1 08 30 06 80 04 37 30 30 31 63 08 30 06 80 04 37 30 30 31 4E 01 01 0A 01 16
20161201 134234  00 38 A1 36 02 01 03 02 01 15 30 2E 55 04 01 11 00 04 A0 26 A3 24 6B 12 30 10 80 04 30 30 31 38 A1 08 30 06 80 04 37 30 30 31 63 08 30 06 80 04 37 30 30 31 4E 01 00 0A 01 30
20161201 134235  00 38 A1 36 02 01 04 02 01 15 30 2E 55 04 01 11 00 04 A0 26 B0 24 6B 12 30 10 80 04 30 30 31 39 A1 08 30 06 80 04 37 30 30 31 63 08 30 06 80 04 37 30 30 31 4E 01 01 0A 01 16
20161201 134237  00 38 A1 36 02 01 05 02 01 15 30 2E 55 04 01 11 00 04 A0 26 A3 24 6B 12 30 10 80 04 30 30 31 39 A1 08 30 06 80 04 37 30 30 31 63 08 30 06 80 04 37 30 30 31 4E 01 00 0A 01 30
20161201 134422  00 31 61 2F 80 02 07 80 A1 07 06 05 2B 0C 00 81 5A A2 03 02 01 00 A3 05 A1 03 02 01 01 BE 14 28 12 06 07 2B 0C 00 82 1D 81 48 A0 07 A0 05 03 03 00 08 00 00 0E A1 0C 02 01 01 02 02 00 D3 30 03 0A 01 02
20161201 134422  00 38 A2 36 02 01 01 30 31 02 01 47 30 2C 55 04 01 11 00 04 A0 24 80 04 06 80 03 C0 86 02 03 70 87 02 06 C0 88 03 05 BA 00 89 03 02 00 34 83 02 05 20 85 02 01 FE 84 02 07 00
20161201 134423  00 38 A2 36 02 01 02 30 31 02 01 47 30 2C 55 04 01 11 00 05 A0 24 80 04 06 80 03 C0 86 02 03 70 87 02 06 C0 88 03 05 BA 00 89 03 02 00 34 83 02 05 20 85 02 01 FE 84 02 07 00
20161201 134424  00 31 61 2F 80 02 07 80 A1 07 06 05 2B 0C 00 81 5A A2 03 02 01 00 A3 05 A1 03 02 01 01 BE 14 28 12 06 07 2B 0C 00 82 1D 81 48 A0 07 A0 05 03 03 00 08 00
20161201 134424  00 0E A1 0C 02 01 01 02 02 00 D3 30 03 0A 01 02
20161201 134424  00 38 A2 36 02 01 03 30 31 02 01 47 30 2C 55 04 01 11 00 04 A0 24 80 04 06 80 03 C0 86 02 03 70 87 02 06 C0 88 03 05 BA 00 89 03 02 00 34 83 02 05 20 85 02 01 FE 84 02 07 00
20161201 134425  00 38 A2 36 02 01 04 30 31 02 01 47 30 2C 55 04 01 11 00 05 A0 24 80 04 06 80 03 C0 86 02 03 70 87 02 06 C0 88 03 05 BA 00 89 03 02 00 34 83 02 05 20 85 02 01 FE 84 02 07 00
20161201 134428  00 38 A1 36 02 01 02 02 01 15 30 2E 55 04 01 11 00 04 A0 26 B0 24 6B 12 30 10 80 04 30 30 31 41 A1 08 30 06 80 04 37 30 30 31 63 08 30 06 80 04 37 30 30 31 4E 01 01 0A 01 16
20161201 134437  00 38 A1 36 02 01 03 02 01 15 30 2E 55 04 01 11 00 04 A0 26 A3 24 6B 12 30 10 80 04 30 30 31 41 A1 08 30 06 80 04 37 30 30 31 63 08 30 06 80 04 37 30 30 31 4E 01 00 0A 01 30
20161201 134856  00 31 61 2F 80 02 07 80 A1 07 06 05 2B 0C 00 81 5A A2 03 02 01 00 A3 05 A1 03 02 01 01 BE 14 28 12 06 07 2B 0C 00 82 1D 81 48 A0 07 A0 05 03 03 00 08 00 00 0E A1 0C 02 01 01 02 02 00 D3 30 03 0A 01 02
20161201 134856  00 38 A2 36 02 01 01 30 31 02 01 47 30 2C 55 04 01 11 00 04 A0 24 80 04 06 80 03 C0 86 02 03 70 87 02 06 C0 88 03 05 BA 00 89 03 02 00 34 83 02 05 20 85 02 01 FE 84 02 07 00
20161201 134857  00 38 A2 36 02 01 02 30 31 02 01 47 30 2C 55 04 01 11 00 05 A0 24 80 04 06 80 03 C0 86 02 03 70 87 02 06 C0 88 03 05 BA 00 89 03 02 00 34 83 02 05 20 85 02 01 FE 84 02 07 00
20161201 134858  00 31 61 2F 80 02 07 80 A1 07 06 05 2B 0C 00 81 5A A2 03 02 01 00 A3 05 A1 03 02 01 01 BE 14 28 12 06 07 2B 0C 00 82 1D 81 48 A0 07 A0 05 03 03 00 08 00 00 0E A1 0C 02 01 01 02 02 00 D3 30 03 0A 01 02
20161201 134858  00 38 A2 36 02 01 03 30 31 02 01 47 30 2C 55 04 01 11 00 04 A0 24 80 04 06 80 03 C0 86 02 03 70 87 02 06 C0 88 03 05 BA 00 89 03 02 00 34 83 02 05 20 85 02 01 FE 84 02 07 00
20161201 134859  00 38 A2 36 02 01 04 30 31 02 01 47 30 2C 55 04 01 11 00 05 A0 24 80 04 06 80 03 C0 86 02 03 70 87 02 06 C0 88 03 05 BA 00 89 03 02 00 34 83 02 05 20 85 02 01 FE 84 02 07 00
20161201 134901  00 38 A1 36 02 01 02 02 01 15 30 2E 55 04 01 11 00 04 A0 26 B0 24 6B 12 30 10 80 04 30 30 31 42 A1 08 30 06 80 04 37 30 30 31 63 08 30 06 80 04 37 30 30 31 4E 01 01 0A 01 16
20161201 134903  00 38 A1 36 02 01 03 02 01 15 30 2E 55 04 01 11 00 04 A0 26 A3 24 6B 12 30 10 80 04 30 30 31 42 A1 08 30 06 80 04 37 30 30 31 63 08 30 06 80 04 37 30 30 31 4E 01 00 0A 01 30
20161201 134904  00 38 A1 36 02 01 04 02 01 15 30 2E 55 04 01 11 00 04 A0 26 B0 24 6B 12 30 10 80 04 30 30 31 43 A1 08 30 06 80 04 37 30 30 31 63 08 30 06 80 04 37 30 30 31 4E 01 01 0A 01 16
20161201 134906  00 38 A1 36 02 01 05 02 01 15 30 2E 55 04 01 11 00 04 A0 26 A3 24 6B 12 30 10 80 04 30 30 31 43 A1 08 30 06 80 04 37 30 30 31 63 08 30 06 80 04 37 30 30 31 4E 01 00 0A 01 30
20161201 135059  00 31 61 2F 80 02 07 80 A1 07 06 05 2B 0C 00 81 5A A2 03 02 01 00 A3 05 A1 03 02 01 01 BE 14 28 12 06 07 2B 0C 00 82 1D 81 48 A0 07 A0 05 03 03 00 08 00 00 0E A1 0C 02 01 01 02 02 00 D3 30 03 0A 01 02
20161201 135059  00 38 A2 36 02 01 01 30 31 02 01 47 30 2C 55 04 01 11 00 04 A0 24 80 04 06 80 03 C0 86 02 03 70 87 02 06 C0 88 03 05 BA 00 89 03 02 00 34 83 02 05 20 85 02 01 FE 84 02 07 00
20161201 135100  00 38 A2 36 02 01 02 30 31 02 01 47 30 2C 55 04 01 11 00 05 A0 24 80 04 06 80 03 C0 86 02 03 70 87 02 06 C0 88 03 05 BA 00 89 03 02 00 34 83 02 05 20 85 02 01 FE 84 02 07 00
20161201 135237  00 31 61 2F 80 02 07 80 A1 07 06 05 2B 0C 00 81 5A A2 03 02 01 00 A3 05 A1 03 02 01 01 BE 14 28 12 06 07 2B 0C 00 82 1D 81 48 A0 07 A0 05 03 03 00 08 00 00 0E A1 0C 02 01 01 02 02 00 D3 30 03 0A 01 02
20161201 135237  00 38 A2 36 02 01 01 30 31 02 01 47 30 2C 55 04 01 11 00 04 A0 24 80 04 06 80 03 C0 86 02 03 70 87 02 06 C0 88 03 05 BA 00 89 03 02 00 34 83 02 05 20 85 02 01 FE 84 02 07 00
20161201 135238  00 38 A2 36 02 01 02 30 31 02 01 47 30 2C 55 04 01 11 00 05 A0 24 80 04 06 80 03 C0 86 02 03 70 87 02 06 C0 88 03 05 BA 00 89 03 02 00 34 83 02 05 20 85 02 01 FE 84 02 07 00
20161201 135239  00 31 61 2F 80 02 07 80 A1 07 06 05 2B 0C 00 81 5A A2 03 02 01 00 A3 05 A1 03 02 01 01 BE 14 28 12 06 07 2B 0C 00 82 1D 81 48 A0 07 A0 05 03 03 00 08 00
20161201 135239  00 0E A1 0C 02 01 01 02 02 00 D3 30 03 0A 01 02
20161201 135239  00 38 A2 36 02 01 03 30 31 02 01 47 30 2C 55 04 01 11 00 04 A0 24 80 04 06 80 03 C0 86 02 03 70 87 02 06 C0 88 03 05 BA 00 89 03 02 00 34 83 02 05 20 85 02 01 FE 84 02 07 00
20161201 135240  00 38 A2 36 02 01 04 30 31 02 01 47 30 2C 55 04 01 11 00 05 A0 24 80 04 06 80 03 C0 86 02 03 70 87 02 06 C0 88 03 05 BA 00 89 03 02 00 34 83 02 05 20 85 02 01 FE 84 02 07 00
20161201 135243  00 38 A1 36 02 01 02 02 01 15 30 2E 55 04 01 11 00 04 A0 26 B0 24 6B 12 30 10 80 04 30 30 31 44 A1 08 30 06 80 04 37 30 30 31 63 08 30 06 80 04 37 30 30 31 4E 01 01 0A 01 16
20161201 135245  00 38 A1 36 02 01 03 02 01 15 30 2E 55 04 01 11 00 04 A0 26 A3 24 6B 12 30 10 80 04 30 30 31 44 A1 08 30 06 80 04 37 30 30 31 63 08 30 06 80 04 37 30 30 31 4E 01 00 0A 01 30
20161201 135247  00 38 A1 36 02 01 04 02 01 15 30 2E 55 04 01 11 00 04 A0 26 B0 24 6B 12 30 10 80 04 30 30 31 45 A1 08 30 06 80 04 37 30 30 31 63 08 30 06 80 04 37 30 30 31 4E 01 01 0A 01 16
20161201 135249  00 38 A1 36 02 01 05 02 01 15 30 2E 55 04 01 11 00 04 A0 26 A3 24 6B 12 30 10 80 04 30 30 31 45 A1 08 30 06 80 04 37 30 30 31 63 08 30 06 80 04 37 30 30 31 4E 01 00 0A 01 30
20161201 140002  00 31 61 2F 80 02 07 80 A1 07 06 05 2B 0C 00 81 5A A2 03 02 01 00 A3 05 A1 03 02 01 01 BE 14 28 12 06 07 2B 0C 00 82 1D 81 48 A0 07 A0 05 03 03 00 08 00 00 0E A1 0C 02 01 01 02 02 00 D3 30 03 0A 01 02
20161201 140003  00 38 A2 36 02 01 01 30 31 02 01 47 30 2C 55 04 01 11 00 04 A0 24 80 04 06 80 03 C0 86 02 03 70 87 02 06 C0 88 03 05 BA 00 89 03 02 00 34 83 02 05 20 85 02 01 FE 84 02 07 00
20161201 140004  00 38 A2 36 02 01 02 30 31 02 01 47 30 2C 55 04 01 11 00 05 A0 24 80 04 06 80 03 C0 86 02 03 70 87 02 06 C0 88 03 05 BA 00 89 03 02 00 34 83 02 05 20 85 02 01 FE 84 02 07 00
20161201 140005  00 31 61 2F 80 02 07 80 A1 07 06 05 2B 0C 00 81 5A A2 03 02 01 00 A3 05 A1 03 02 01 01 BE 14 28 12 06 07 2B 0C 00 82 1D 81 48 A0 07 A0 05 03 03 00 08 00 00 0E A1 0C 02 01 01 02 02 00 D3 30 03 0A 01 02
20161201 140005  00 38 A2 36 02 01 03 30 31 02 01 47 30 2C 55 04 01 11 00 04 A0 24 80 04 06 80 03 C0 86 02 03 70 87 02 06 C0 88 03 05 BA 00 89 03 02 00 34 83 02 05 20 85 02 01 FE 84 02 07 00
20161201 140006  00 38 A2 36 02 01 04 30 31 02 01 47 30 2C 55 04 01 11 00 05 A0 24 80 04 06 80 03 C0 86 02 03 70 87 02 06 C0 88 03 05 BA 00 89 03 02 00 34 83 02 05 20 85 02 01 FE 84 02 07 00
20161201 140012  00 38 A1 36 02 01 02 02 01 15 30 2E 55 04 01 11 00 04 A0 26 B0 24 6B 12 30 10 80 04 30 30 31 46 A1 08 30 06 80 04 37 30 30 31 63 08 30 06 80 04 37 30 30 31 4E 01 01 0A 01 16
20161201 140015  00 38 A1 36 02 01 03 02 01 15 30 2E 55 04 01 11 00 04 A0 26 A3 24 6B 12 30 10 80 04 30 30 31 46 A1 08 30 06 80 04 37 30 30 31 63 08 30 06 80 04 37 30 30 31 4E 01 00 0A 01 30
20161201 140017  00 38 A1 36 02 01 04 02 01 15 30 2E 55 04 01 11 00 04 A0 26 B0 24 6B 12 30 10 80 04 30 30 32 30 A1 08 30 06 80 04 37 30 30 31 63 08 30 06 80 04 37 30 30 31 4E 01 01 0A 01 16
20161201 140018  00 38 A1 36 02 01 05 02 01 15 30 2E 55 04 01 11 00 04 A0 26 A3 24 6B 12 30 10 80 04 30 30 32 30 A1 08 30 06 80 04 37 30 30 31 63 08 30 06 80 04 37 30 30 31 4E 01 00 0A 01 30
20161201 140707  00 31 61 2F 80 02 07 80 A1 07 06 05 2B 0C 00 81 5A A2 03 02 01 00 A3 05 A1 03 02 01 01 BE 14 28 12 06 07 2B 0C 00 82 1D 81 48 A0 07 A0 05 03 03 00 08 00 00 0E A1 0C 02 01 01 02 02 00 D3 30 03 0A 01 02
20161201 140707  00 38 A2 36 02 01 01 30 31 02 01 47 30 2C 55 04 01 11 00 04 A0 24 80 04 06 80 03 C0 86 02 03 70 87 02 06 C0 88 03 05 BA 00 89 03 02 00 34 83 02 05 20 85 02 01 FE 84 02 07 00
20161201 140708  00 38 A2 36 02 01 02 30 31 02 01 47 30 2C 55 04 01 11 00 05 A0 24 80 04 06 80 03 C0 86 02 03 70 87 02 06 C0 88 03 05 BA 00 89 03 02 00 34 83 02 05 20 85 02 01 FE 84 02 07 00
20161201 140709  00 31 61 2F 80 02 07 80 A1 07 06 05 2B 0C 00 81 5A A2 03 02 01 00 A3 05 A1 03 02 01 01 BE 14 28 12 06 07 2B 0C 00 82 1D 81 48 A0 07 A0 05 03 03 00 08 00 00 0E A1 0C 02 01 01 02 02 00 D3 30 03 0A 01 02
20161201 140709  00 38 A2 36 02 01 03 30 31 02 01 47 30 2C 55 04 01 11 00 04 A0 24 80 04 06 80 03 C0 86 02 03 70 87 02 06 C0 88 03 05 BA 00 89 03 02 00 34 83 02 05 20 85 02 01 FE 84 02 07 00
20161201 140710  00 38 A2 36 02 01 04 30 31 02 01 47 30 2C 55 04 01 11 00 05 A0 24 80 04 06 80 03 C0 86 02 03 70 87 02 06 C0 88 03 05 BA 00 89 03 02 00 34 83 02 05 20 85 02 01 FE 84 02 07 00
20161201 140751  00 31 61 2F 80 02 07 80 A1 07 06 05 2B 0C 00 81 5A A2 03 02 01 00 A3 05 A1 03 02 01 01 BE 14 28 12 06 07 2B 0C 00 82 1D 81 48 A0 07 A0 05 03 03 00 08 00 00 0E A1 0C 02 01 01 02 02 00 D3 30 03 0A 01 02
20161201 140752  00 38 A2 36 02 01 01 30 31 02 01 47 30 2C 55 04 01 11 00 04 A0 24 80 04 06 80 03 C0 86 02 03 70 87 02 06 C0 88 03 05 BA 00 89 03 02 00 34 83 02 05 20 85 02 01 FE 84 02 07 00
20161201 140752  00 38 A2 36 02 01 02 30 31 02 01 47 30 2C 55 04 01 11 00 05 A0 24 80 04 06 80 03 C0 86 02 03 70 87 02 06 C0 88 03 05 BA 00 89 03 02 00 34 83 02 05 20 85 02 01 FE 84 02 07 00
20161201 140754  00 31 61 2F 80 02 07 80 A1 07 06 05 2B 0C 00 81 5A A2 03 02 01 00 A3 05 A1 03 02 01 01 BE 14 28 12 06 07 2B 0C 00 82 1D 81 48 A0 07 A0 05 03 03 00 08 00 00 0E A1 0C 02 01 01 02 02 00 D3 30 03 0A 01 02
20161201 140754  00 38 A2 36 02 01 03 30 31 02 01 47 30 2C 55 04 01 11 00 04 A0 24 80 04 06 80 03 C0 86 02 03 70 87 02 06 C0 88 03 05 BA 00 89 03 02 00 34 83 02 05 20 85 02 01 FE 84 02 07 00
20161201 140755  00 38 A2 36 02 01 04 30 31 02 01 47 30 2C 55 04 01 11 00 05 A0 24 80 04 06 80 03 C0 86 02 03 70 87 02 06 C0 88 03 05 BA 00 89 03 02 00 34 83 02 05 20 85 02 01 FE 84 02 07 00
20161201 140845  00 38 A1 36 02 01 02 02 01 15 30 2E 55 04 01 11 00 04 A0 26 B0 24 6B 12 30 10 80 04 30 30 32 31 A1 08 30 06 80 04 37 30 30 31 63 08 30 06 80 04 37 30 30 31 4E 01 01 0A 01 16
20161201 140847  00 38 A1 36 02 01 03 02 01 15 30 2E 55 04 01 11 00 04 A0 26 A3 24 6B 12 30 10 80 04 30 30 32 31 A1 08 30 06 80 04 37 30 30 31 63 08 30 06 80 04 37 30 30 31 4E 01 00 0A 01 30
20161201 141152  00 31 61 2F 80 02 07 80 A1 07 06 05 2B 0C 00 81 5A A2 03 02 01 00 A3 05 A1 03 02 01 01 BE 14 28 12 06 07 2B 0C 00 82 1D 81 48 A0 07 A0 05 03 03 00 08 00 00 0E A1 0C 02 01 01 02 02 00 D3 30 03 0A 01 02
20161201 141152  00 38 A2 36 02 01 01 30 31 02 01 47 30 2C 55 04 01 11 00 04 A0 24 80 04 06 80 03 C0 86 02 03 70 87 02 06 C0 88 03 05 BA 00 89 03 02 00 34 83 02 05 20 85 02 01 FE 84 02 07 00
20161201 141153  00 38 A2 36 02 01 02 30 31 02 01 47 30 2C 55 04 01 11 00 05 A0 24 80 04 06 80 03 C0 86 02 03 70 87 02 06 C0 88 03 05 BA 00 89 03 02 00 34 83 02 05 20 85 02 01 FE 84 02 07 00
20161201 141154  00 31 61 2F 80 02 07 80 A1 07 06 05 2B 0C 00 81 5A A2 03 02 01 00 A3 05 A1 03 02 01 01 BE 14 28 12 06 07 2B 0C 00 82 1D 81 48 A0 07 A0 05 03 03 00 08 00
20161201 141154  00 0E A1 0C 02 01 01 02 02 00 D3 30 03 0A 01 02
20161201 141154  00 38 A2 36 02 01 03 30 31 02 01 47 30 2C 55 04 01 11 00 04 A0 24 80 04 06 80 03 C0 86 02 03 70 87 02 06 C0 88 03 05 BA 00 89 03 02 00 34 83 02 05 20 85 02 01 FE 84 02 07 00
20161201 141155  00 38 A2 36 02 01 04 30 31 02 01 47 30 2C 55 04 01 11 00 05 A0 24 80 04 06 80 03 C0 86 02 03 70 87 02 06 C0 88 03 05 BA 00 89 03 02 00 34 83 02 05 20 85 02 01 FE 84 02 07 00
20161201 141206  00 38 A1 36 02 01 02 02 01 15 30 2E 55 04 01 11 00 04 A0 26 B0 24 6B 12 30 10 80 04 30 30 32 32 A1 08 30 06 80 04 37 30 30 31 63 08 30 06 80 04 37 30 30 31 4E 01 01 0A 01 16
20161201 141208  00 38 A1 36 02 01 03 02 01 15 30 2E 55 04 01 11 00 04 A0 26 A3 24 6B 12 30 10 80 04 30 30 32 32 A1 08 30 06 80 04 37 30 30 31 63 08 30 06 80 04 37 30 30 31 4E 01 00 0A 01 30
20161201 141209  00 38 A1 36 02 01 04 02 01 15 30 2E 55 04 01 11 00 04 A0 26 B0 24 6B 12 30 10 80 04 30 30 32 33 A1 08 30 06 80 04 37 30 30 31 63 08 30 06 80 04 37 30 30 31 4E 01 01 0A 01 16
20161201 141211  00 38 A1 36 02 01 05 02 01 15 30 2E 55 04 01 11 00 04 A0 26 A3 24 6B 12 30 10 80 04 30 30 32 33 A1 08 30 06 80 04 37 30 30 31 63 08 30 06 80 04 37 30 30 31 4E 01 00 0A 01 30
20161201 141211  00 38 A1 36 02 01 06 02 01 15 30 2E 55 04 01 11 00 04 A0 26 B0 24 6B 12 30 10 80 04 30 30 32 34 A1 08 30 06 80 04 37 30 30 31 63 08 30 06 80 04 37 30 30 31 4E 01 01 0A 01 16
20161201 141215  00 38 A1 36 02 01 07 02 01 15 30 2E 55 04 01 11 00 04 A0 26 A3 24 6B 12 30 10 80 04 30 30 32 34 A1 08 30 06 80 04 37 30 30 31 63 08 30 06 80 04 37 30 30 31 4E 01 00 0A 01 30
20161201 141216  00 38 A1 36 02 01 08 02 01 15 30 2E 55 04 01 11 00 04 A0 26 B0 24 6B 12 30 10 80 04 30 30 32 35 A1 08 30 06 80 04 37 30 30 31 63 08 30 06 80 04 37 30 30 31 4E 01 01 0A 01 16
20161201 141217  00 38 A1 36 02 01 09 02 01 15 30 2E 55 04 01 11 00 04 A0 26 A3 24 6B 12 30 10 80 04 30 30 32 35 A1 08 30 06 80 04 37 30 30 31 63 08 30 06 80 04 37 30 30 31 4E 01 00 0A 01 30
20161201 141613  00 31 61 2F 80 02 07 80 A1 07 06 05 2B 0C 00 81 5A A2 03 02 01 00 A3 05 A1 03 02 01 01 BE 14 28 12 06 07 2B 0C 00 82 1D 81 48 A0 07 A0 05 03 03 00 08 00 00 0E A1 0C 02 01 01 02 02 00 D3 30 03 0A 01 02
20161201 141613  00 38 A2 36 02 01 01 30 31 02 01 47 30 2C 55 04 01 11 00 04 A0 24 80 04 06 80 03 C0 86 02 03 70 87 02 06 C0 88 03 05 BA 00 89 03 02 00 34 83 02 05 20 85 02 01 FE 84 02 07 00
20161201 141614  00 38 A2 36 02 01 02 30 31 02 01 47 30 2C 55 04 01 11 00 05 A0 24 80 04 06 80 03 C0 86 02 03 70 87 02 06 C0 88 03 05 BA 00 89 03 02 00 34 83 02 05 20 85 02 01 FE 84 02 07 00
20161201 141615  00 31 61 2F 80 02 07 80 A1 07 06 05 2B 0C 00 81 5A A2 03 02 01 00 A3 05 A1 03 02 01 01 BE 14 28 12 06 07 2B 0C 00 82 1D 81 48 A0 07 A0 05 03 03 00 08 00 00 0E A1 0C 02 01 01 02 02 00 D3 30 03 0A 01 02
20161201 141615  00 38 A2 36 02 01 03 30 31 02 01 47 30 2C 55 04 01 11 00 04 A0 24 80 04 06 80 03 C0 86 02 03 70 87 02 06 C0 88 03 05 BA 00 89 03 02 00 34 83 02 05 20 85 02 01 FE 84 02 07 00
20161201 141616  00 38 A2 36 02 01 04 30 31 02 01 47 30 2C 55 04 01 11 00 05 A0 24 80 04 06 80 03 C0 86 02 03 70 87 02 06 C0 88 03 05 BA 00 89 03 02 00 34 83 02 05 20 85 02 01 FE 84 02 07 00
20161201 141621  00 38 A1 36 02 01 02 02 01 15 30 2E 55 04 01 11 00 04 A0 26 B0 24 6B 12 30 10 80 04 30 30 32 36 A1 08 30 06 80 04 37 30 30 31 63 08 30 06 80 04 37 30 30 31 4E 01 01 0A 01 16
20161201 141623  00 38 A1 36 02 01 03 02 01 15 30 2E 55 04 01 11 00 04 A0 26 A3 24 6B 12 30 10 80 04 30 30 32 36 A1 08 30 06 80 04 37 30 30 31 63 08 30 06 80 04 37 30 30 31 4E 01 00 0A 01 30
20161201 142222  00 31 61 2F 80 02 07 80 A1 07 06 05 2B 0C 00 81 5A A2 03 02 01 00 A3 05 A1 03 02 01 01 BE 14 28 12 06 07 2B 0C 00 82 1D 81 48 A0 07 A0 05 03 03 00 08 00 00 0E A1 0C 02 01 01 02 02 00 D3 30 03 0A 01 02
20161201 142222  00 38 A2 36 02 01 01 30 31 02 01 47 30 2C 55 04 01 11 00 04 A0 24 80 04 06 80 03 C0 86 02 03 70 87 02 06 C0 88 03 05 BA 00 89 03 02 00 34 83 02 05 20 85 02 01 FE 84 02 07 00
20161201 142223  00 38 A2 36 02 01 02 30 31 02 01 47 30 2C 55 04 01 11 00 05 A0 24 80 04 06 80 03 C0 86 02 03 70 87 02 06 C0 88 03 05 BA 00 89 03 02 00 34 83 02 05 20 85 02 01 FE 84 02 07 00
20161201 142224  00 31 61 2F 80 02 07 80 A1 07 06 05 2B 0C 00 81 5A A2 03 02 01 00 A3 05 A1 03 02 01 01 BE 14 28 12 06 07 2B 0C 00 82 1D 81 48 A0 07 A0 05 03 03 00 08 00 00 0E A1 0C 02 01 01 02 02 00 D3 30 03 0A 01 02
20161201 142224  00 38 A2 36 02 01 03 30 31 02 01 47 30 2C 55 04 01 11 00 04 A0 24 80 04 06 80 03 C0 86 02 03 70 87 02 06 C0 88 03 05 BA 00 89 03 02 00 34 83 02 05 20 85 02 01 FE 84 02 07 00
20161201 142225  00 38 A2 36 02 01 04 30 31 02 01 47 30 2C 55 04 01 11 00 05 A0 24 80 04 06 80 03 C0 86 02 03 70 87 02 06 C0 88 03 05 BA 00 89 03 02 00 34 83 02 05 20 85 02 01 FE 84 02 07 00
20161201 142228  00 38 A1 36 02 01 02 02 01 15 30 2E 55 04 01 11 00 04 A0 26 B0 24 6B 12 30 10 80 04 30 30 32 37 A1 08 30 06 80 04 37 30 30 31 63 08 30 06 80 04 37 30 30 31 4E 01 01 0A 01 16
20161201 142230  00 38 A1 36 02 01 03 02 01 15 30 2E 55 04 01 11 00 04 A0 26 A3 24 6B 12 30 10 80 04 30 30 32 37 A1 08 30 06 80 04 37 30 30 31 63 08 30 06 80 04 37 30 30 31 4E 01 00 0A 01 30
20161201 143108  00 31 61 2F 80 02 07 80 A1 07 06 05 2B 0C 00 81 5A A2 03 02 01 00 A3 05 A1 03 02 01 01 BE 14 28 12 06 07 2B 0C 00 82 1D 81 48 A0 07 A0 05 03 03 00 08 00 00 0E A1 0C 02 01 01 02 02 00 D3 30 03 0A 01 02
20161201 143108  00 38 A2 36 02 01 01 30 31 02 01 47 30 2C 55 04 01 11 00 04 A0 24 80 04 06 80 03 C0 86 02 03 70 87 02 06 C0 88 03 05 BA 00 89 03 02 00 34 83 02 05 20 85 02 01 FE 84 02 07 00
20161201 143109  00 38 A2 36 02 01 02 30 31 02 01 47 30 2C 55 04 01 11 00 05 A0 24 80 04 06 80 03 C0 86 02 03 70 87 02 06 C0 88 03 05 BA 00 89 03 02 00 34 83 02 05 20 85 02 01 FE 84 02 07 00
20161201 143110  00 31 61 2F 80 02 07 80 A1 07 06 05 2B 0C 00 81 5A A2 03 02 01 00 A3 05 A1 03 02 01 01 BE 14 28 12 06 07 2B 0C 00 82 1D 81 48 A0 07 A0 05 03 03 00 08 00
20161201 143111  00 0E A1 0C 02 01 01 02 02 00 D3 30 03 0A 01 02
20161201 143111  00 38 A2 36 02 01 03 30 31 02 01 47 30 2C 55 04 01 11 00 04 A0 24 80 04 06 80 03 C0 86 02 03 70 87 02 06 C0 88 03 05 BA 00 89 03 02 00 34 83 02 05 20 85 02 01 FE 84 02 07 00
20161201 143112  00 38 A2 36 02 01 04 30 31 02 01 47 30 2C 55 04 01 11 00 05 A0 24 80 04 06 80 03 C0 86 02 03 70 87 02 06 C0 88 03 05 BA 00 89 03 02 00 34 83 02 05 20 85 02 01 FE 84 02 07 00
20161201 143116  00 38 A1 36 02 01 02 02 01 15 30 2E 55 04 01 11 00 04 A0 26 B0 24 6B 12 30 10 80 04 30 30 32 38 A1 08 30 06 80 04 37 30 30 31 63 08 30 06 80 04 37 30 30 31 4E 01 01 0A 01 16
20161201 143120  00 38 A1 36 02 01 03 02 01 15 30 2E 55 04 01 11 00 04 A0 26 A3 24 6B 12 30 10 80 04 30 30 32 38 A1 08 30 06 80 04 37 30 30 31 63 08 30 06 80 04 37 30 30 31 4E 01 00 0A 01 30
20161201 143206  00 31 61 2F 80 02 07 80 A1 07 06 05 2B 0C 00 81 5A A2 03 02 01 00 A3 05 A1 03 02 01 01 BE 14 28 12 06 07 2B 0C 00 82 1D 81 48 A0 07 A0 05 03 03 00 08 00 00 0E A1 0C 02 01 01 02 02 00 D3 30 03 0A 01 02
20161201 143207  00 38 A2 36 02 01 01 30 31 02 01 47 30 2C 55 04 01 11 00 04 A0 24 80 04 06 80 03 C0 86 02 03 70 87 02 06 C0 88 03 05 BA 00 89 03 02 00 34 83 02 05 20 85 02 01 FE 84 02 07 00
20161201 143207  00 38 A2 36 02 01 02 30 31 02 01 47 30 2C 55 04 01 11 00 05 A0 24 80 04 06 80 03 C0 86 02 03 70 87 02 06 C0 88 03 05 BA 00 89 03 02 00 34 83 02 05 20 85 02 01 FE 84 02 07 00
20161201 143209  00 31 61 2F 80 02 07 80 A1 07 06 05 2B 0C 00 81 5A A2 03 02 01 00 A3 05 A1 03 02 01 01 BE 14 28 12 06 07 2B 0C 00 82 1D 81 48 A0 07 A0 05 03 03 00 08 00 00 0E A1 0C 02 01 01 02 02 00 D3 30 03 0A 01 02
20161201 143209  00 38 A2 36 02 01 03 30 31 02 01 47 30 2C 55 04 01 11 00 04 A0 24 80 04 06 80 03 C0 86 02 03 70 87 02 06 C0 88 03 05 BA 00 89 03 02 00 34 83 02 05 20 85 02 01 FE 84 02 07 00
20161201 143210  00 38 A2 36 02 01 04 30 31 02 01 47 30 2C 55 04 01 11 00 05 A0 24 80 04 06 80 03 C0 86 02 03 70 87 02 06 C0 88 03 05 BA 00 89 03 02 00 34 83 02 05 20 85 02 01 FE 84 02 07 00
20161201 143211  00 38 A1 36 02 01 02 02 01 15 30 2E 55 04 01 11 00 04 A0 26 B0 24 6B 12 30 10 80 04 30 30 32 39 A1 08 30 06 80 04 37 30 30 31 63 08 30 06 80 04 37 30 30 31 4E 01 01 0A 01 16
20161201 143214  00 38 A1 36 02 01 03 02 01 15 30 2E 55 04 01 11 00 04 A0 26 A3 24 6B 12 30 10 80 04 30 30 32 39 A1 08 30 06 80 04 37 30 30 31 63 08 30 06 80 04 37 30 30 31 4E 01 00 0A 01 30
20161201 143413  00 31 61 2F 80 02 07 80 A1 07 06 05 2B 0C 00 81 5A A2 03 02 01 00 A3 05 A1 03 02 01 01 BE 14 28 12 06 07 2B 0C 00 82 1D 81 48 A0 07 A0 05 03 03 00 08 00 00 0E A1 0C 02 01 01 02 02 00 D3 30 03 0A 01 02
20161201 143413  00 38 A2 36 02 01 01 30 31 02 01 47 30 2C 55 04 01 11 00 04 A0 24 80 04 06 80 03 C0 86 02 03 70 87 02 06 C0 88 03 05 BA 00 89 03 02 00 34 83 02 05 20 85 02 01 FE 84 02 07 00
20161201 143414  00 38 A2 36 02 01 02 30 31 02 01 47 30 2C 55 04 01 11 00 05 A0 24 80 04 06 80 03 C0 86 02 03 70 87 02 06 C0 88 03 05 BA 00 89 03 02 00 34 83 02 05 20 85 02 01 FE 84 02 07 00
20161201 143415  00 31 61 2F 80 02 07 80 A1 07 06 05 2B 0C 00 81 5A A2 03 02 01 00 A3 05 A1 03 02 01 01 BE 14 28 12 06 07 2B 0C 00 82 1D 81 48 A0 07 A0 05 03 03 00 08 00 00 0E A1 0C 02 01 01 02 02 00 D3 30 03 0A 01 02
20161201 143415  00 38 A2 36 02 01 03 30 31 02 01 47 30 2C 55 04 01 11 00 04 A0 24 80 04 06 80 03 C0 86 02 03 70 87 02 06 C0 88 03 05 BA 00 89 03 02 00 34 83 02 05 20 85 02 01 FE 84 02 07 00
20161201 143416  00 38 A2 36 02 01 04 30 31 02 01 47 30 2C 55 04 01 11 00 05 A0 24 80 04 06 80 03 C0 86 02 03 70 87 02 06 C0 88 03 05 BA 00 89 03 02 00 34 83 02 05 20 85 02 01 FE 84 02 07 00
20161201 143422  00 38 A1 36 02 01 02 02 01 15 30 2E 55 04 01 11 00 04 A0 26 B0 24 6B 12 30 10 80 04 30 30 32 41 A1 08 30 06 80 04 37 30 30 31 63 08 30 06 80 04 37 30 30 31 4E 01 01 0A 01 16
20161201 143427  00 38 A1 36 02 01 03 02 01 15 30 2E 55 04 01 11 00 04 A0 26 A3 24 6B 12 30 10 80 04 30 30 32 41 A1 08 30 06 80 04 37 30 30 31 63 08 30 06 80 04 37 30 30 31 4E 01 00 0A 01 30
20161201 143427  00 38 A1 36 02 01 04 02 01 15 30 2E 55 04 01 11 00 04 A0 26 B0 24 6B 12 30 10 80 04 30 30 32 42 A1 08 30 06 80 04 37 30 30 31 63 08 30 06 80 04 37 30 30 31 4E 01 01 0A 01 16
20161201 143430  00 38 A1 36 02 01 05 02 01 15 30 2E 55 04 01 11 00 04 A0 26 A3 24 6B 12 30 10 80 04 30 30 32 42 A1 08 30 06 80 04 37 30 30 31 63 08 30 06 80 04 37 30 30 31 4E 01 00 0A 01 30
20161201 143601  00 31 61 2F 80 02 07 80 A1 07 06 05 2B 0C 00 81 5A A2 03 02 01 00 A3 05 A1 03 02 01 01 BE 14 28 12 06 07 2B 0C 00 82 1D 81 48 A0 07 A0 05 03 03 00 08 00 00 0E A1 0C 02 01 01 02 02 00 D3 30 03 0A 01 02
20161201 143601  00 38 A2 36 02 01 01 30 31 02 01 47 30 2C 55 04 01 11 00 04 A0 24 80 04 06 80 03 C0 86 02 03 70 87 02 06 C0 88 03 05 BA 00 89 03 02 00 34 83 02 05 20 85 02 01 FE 84 02 07 00
20161201 143602  00 38 A2 36 02 01 02 30 31 02 01 47 30 2C 55 04 01 11 00 05 A0 24 80 04 06 80 03 C0 86 02 03 70 87 02 06 C0 88 03 05 BA 00 89 03 02 00 34 83 02 05 20 85 02 01 FE 84 02 07 00
20161201 143603  00 31 61 2F 80 02 07 80 A1 07 06 05 2B 0C 00 81 5A A2 03 02 01 00 A3 05 A1 03 02 01 01 BE 14 28 12 06 07 2B 0C 00 82 1D 81 48 A0 07 A0 05 03 03 00 08 00 00 0E A1 0C 02 01 01 02 02 00 D3 30 03 0A 01 02
20161201 143603  00 38 A2 36 02 01 03 30 31 02 01 47 30 2C 55 04 01 11 00 04 A0 24 80 04 06 80 03 C0 86 02 03 70 87 02 06 C0 88 03 05 BA 00 89 03 02 00 34 83 02 05 20 85 02 01 FE 84 02 07 00
20161201 143604  00 38 A2 36 02 01 04 30 31 02 01 47 30 2C 55 04 01 11 00 05 A0 24 80 04 06 80 03 C0 86 02 03 70 87 02 06 C0 88 03 05 BA 00 89 03 02 00 34 83 02 05 20 85 02 01 FE 84 02 07 00
20161201 143612  00 38 A1 36 02 01 02 02 01 15 30 2E 55 04 01 11 00 04 A0 26 B0 24 6B 12 30 10 80 04 30 30 32 43 A1 08 30 06 80 04 37 30 30 31 63 08 30 06 80 04 37 30 30 31 4E 01 01 0A 01 16
20161201 143617  00 42 A1 40 02 01 03 02 01 15 30 38 55 04 01 11 00 04 A0 30 AD 2E 6B 12 30 10 80 04 30 30 32 43 A1 08 30 06 80 04 37 30 30 31 63 08 30 06 80 04 37 30 30 31 62 08 30 06 80 04 37 30 30 32 4E 01 03 0A 01 16
20161201 143617  00 50 A1 4E 02 01 04 02 01 15 30 46 55 04 01 11 00 04 A0 3E A4 3C 6B 12 30 10 80 04 30 30 32 43 A1 08 30 06 80 04 37 30 30 32 63 08 30 06 80 04 37 30 30 32 61 08 30 06 80 04 37 30 30 31 62 08 30 06 80 04 37 30 30 32 64 02 88 00 4E 01 03 0A 01 16 00 50 A1 4E 02 01 05 02 01 15 30 46 55 04 01 11 00 05 A0 3E A4 3C 6B 12 30 10 80 04 30 30 32 43 A1 08 30 06 80 04 37 30 30 32 63 08 30 06 80 04 37 30 30 32 61 08 30 06 80 04 37 30 30 31 62 08 30 06 80 04 37 30 30 32 64 02 88 00 4E 01 02 0A 01 16 00 32 A1 30 02 01 06 02 01 15 30 28 55 04 01 11 00 05 A3 20 A8 1E 63 08 30 06 80 04 37 30 30 32 04 01 31 0A 01 00 7E 0C A1 0A A6 08 AD 06 04 04 30 30 32 43
20161201 143620  00 50 A1 4E 02 01 07 02 01 15 30 46 55 04 01 11 00 04 A0 3E A7 3C 6B 12 30 10 80 04 30 30 32 43 A1 08 30 06 80 04 37 30 30 32 63 08 30 06 80 04 37 30 30 32 61 08 30 06 80 04 37 30 30 31 62 08 30 06 80 04 37 30 30 32 64 02 88 00 4E 01 03 0A 01 16
20161201 143620  00 50 A1 4E 02 01 08 02 01 15 30 46 55 04 01 11 00 05 A0 3E A7 3C 6B 12 30 10 80 04 30 30 32 43 A1 08 30 06 80 04 37 30 30 32 63 08 30 06 80 04 37 30 30 32 61 08 30 06 80 04 37 30 30 31 62 08 30 06 80 04 37 30 30 32 64 02 88 00 4E 01 03 0A 01 16
20161201 143629  00 38 A1 36 02 01 09 02 01 15 30 2E 55 04 01 11 00 05 A0 26 A3 24 6B 12 30 10 80 04 30 30 32 43 A1 08 30 06 80 04 37 30 30 32 63 08 30 06 80 04 37 30 30 32 4E 01 00 0A 01 30
20161201 143629  00 38 A1 36 02 01 0A 02 01 15 30 2E 55 04 01 11 00 04 A0 26 A3 24 6B 12 30 10 80 04 30 30 32 43 A1 08 30 06 80 04 37 30 30 32 63 08 30 06 80 04 37 30 30 32 4E 01 03 0A 01 30 00 50 A1 4E 02 01 0B 02 01 15 30 46 55 04 01 11 00 04 A0 3E A8 3C 6B 12 30 10 80 04 30 30 32 43 A1 08 30 06 80 04 37 30 30 31 63 08 30 06 80 04 37 30 30 31 61 08 30 06 80 04 37 30 30 31 62 08 30 06 80 04 37 30 30 32 64 02 88 00 4E 01 06 0A 01 23
20161201 143629  00 38 A1 36 02 01 0C 02 01 15 30 2E 55 04 01 11 00 04 A0 26 A3 24 6B 12 30 10 80 04 30 30 32 43 A1 08 30 06 80 04 37 30 30 31 63 08 30 06 80 04 37 30 30 31 4E 01 00 0A 01 30
20161201 143801  00 31 61 2F 80 02 07 80 A1 07 06 05 2B 0C 00 81 5A A2 03 02 01 00 A3 05 A1 03 02 01 01 BE 14 28 12 06 07 2B 0C 00 82 1D 81 48 A0 07 A0 05 03 03 00 08 00 00 0E A1 0C 02 01 01 02 02 00 D3 30 03 0A 01 02
20161201 143801  00 38 A2 36 02 01 01 30 31 02 01 47 30 2C 55 04 01 11 00 04 A0 24 80 04 06 80 03 C0 86 02 03 70 87 02 06 C0 88 03 05 BA 00 89 03 02 00 34 83 02 05 20 85 02 01 FE 84 02 07 00
20161201 143802  00 38 A2 36 02 01 02 30 31 02 01 47 30 2C 55 04 01 11 00 05 A0 24 80 04 06 80 03 C0 86 02 03 70 87 02 06 C0 88 03 05 BA 00 89 03 02 00 34 83 02 05 20 85 02 01 FE 84 02 07 00
20161201 143803  00 31 61 2F 80 02 07 80 A1 07 06 05 2B 0C 00 81 5A A2 03 02 01 00 A3 05 A1 03 02 01 01 BE 14 28 12 06 07 2B 0C 00 82 1D 81 48 A0 07 A0 05 03 03 00 08 00 00 0E A1 0C 02 01 01 02 02 00 D3 30 03 0A 01 02
20161201 143803  00 38 A2 36 02 01 03 30 31 02 01 47 30 2C 55 04 01 11 00 04 A0 24 80 04 06 80 03 C0 86 02 03 70 87 02 06 C0 88 03 05 BA 00 89 03 02 00 34 83 02 05 20 85 02 01 FE 84 02 07 00
20161201 143804  00 38 A2 36 02 01 04 30 31 02 01 47 30 2C 55 04 01 11 00 05 A0 24 80 04 06 80 03 C0 86 02 03 70 87 02 06 C0 88 03 05 BA 00 89 03 02 00 34 83 02 05 20 85 02 01 FE 84 02 07 00
20161201 144003  00 0E A1 0C 02 01 02 02 02 00 D3 30 03 0A 01 02
20161201 144156  00 38 A1 36 02 01 03 02 01 15 30 2E 55 04 01 11 00 04 A0 26 B0 24 6B 12 30 10 80 04 30 30 32 44 A1 08 30 06 80 04 37 30 30 31 63 08 30 06 80 04 37 30 30 31 4E 01 01 0A 01 16
20161201 144200  00 38 A1 36 02 01 04 02 01 15 30 2E 55 04 01 11 00 04 A0 26 A3 24 6B 12 30 10 80 04 30 30 32 44 A1 08 30 06 80 04 37 30 30 31 63 08 30 06 80 04 37 30 30 31 4E 01 00 0A 01 30
20161201 144203  00 0E A1 0C 02 01 05 02 02 00 D3 30 03 0A 01 02
20161201 144403  00 0E A1 0C 02 01 06 02 02 00 D3 30 03 0A 01 02
20161201 144936  00 31 61 2F 80 02 07 80 A1 07 06 05 2B 0C 00 81 5A A2 03 02 01 00 A3 05 A1 03 02 01 01 BE 14 28 12 06 07 2B 0C 00 82 1D 81 48 A0 07 A0 05 03 03 00 08 00 00 0E A1 0C 02 01 01 02 02 00 D3 30 03 0A 01 02
20161201 144936  00 38 A2 36 02 01 01 30 31 02 01 47 30 2C 55 04 01 11 00 04 A0 24 80 04 06 80 03 C0 86 02 03 70 87 02 06 C0 88 03 05 BA 00 89 03 02 00 34 83 02 05 20 85 02 01 FE 84 02 07 00
20161201 144937  00 38 A2 36 02 01 02 30 31 02 01 47 30 2C 55 04 01 11 00 05 A0 24 80 04 06 80 03 C0 86 02 03 70 87 02 06 C0 88 03 05 BA 00 89 03 02 00 34 83 02 05 20 85 02 01 FE 84 02 07 00
20161201 144938  00 31 61 2F 80 02 07 80 A1 07 06 05 2B 0C 00 81 5A A2 03 02 01 00 A3 05 A1 03 02 01 01 BE 14 28 12 06 07 2B 0C 00 82 1D 81 48 A0 07 A0 05 03 03 00 08 00
20161201 144938  00 0E A1 0C 02 01 01 02 02 00 D3 30 03 0A 01 02
20161201 144938  00 38 A2 36 02 01 03 30 31 02 01 47 30 2C 55 04 01 11 00 04 A0 24 80 04 06 80 03 C0 86 02 03 70 87 02 06 C0 88 03 05 BA 00 89 03 02 00 34 83 02 05 20 85 02 01 FE 84 02 07 00
20161201 144939  00 38 A2 36 02 01 04 30 31 02 01 47 30 2C 55 04 01 11 00 05 A0 24 80 04 06 80 03 C0 86 02 03 70 87 02 06 C0 88 03 05 BA 00 89 03 02 00 34 83 02 05 20 85 02 01 FE 84 02 07 00
20161201 145004  00 38 A1 36 02 01 02 02 01 15 30 2E 55 04 01 11 00 05 A0 26 B0 24 6B 12 30 10 80 04 30 30 33 30 A1 08 30 06 80 04 37 30 30 32 63 08 30 06 80 04 37 30 30 32 4E 01 01 0A 01 16
20161201 145009  00 38 A1 36 02 01 03 02 01 15 30 2E 55 04 01 11 00 05 A0 26 A3 24 6B 12 30 10 80 04 30 30 33 30 A1 08 30 06 80 04 37 30 30 32 63 08 30 06 80 04 37 30 30 32 4E 01 00 0A 01 30
20161201 145026  00 38 A1 36 02 01 04 02 01 15 30 2E 55 04 01 11 00 05 A0 26 B0 24 6B 12 30 10 80 04 30 30 33 31 A1 08 30 06 80 04 37 30 30 32 63 08 30 06 80 04 37 30 30 32 4E 01 01 0A 01 16
20161201 145028  00 38 A1 36 02 01 05 02 01 15 30 2E 55 04 01 11 00 05 A0 26 A3 24 6B 12 30 10 80 04 30 30 33 31 A1 08 30 06 80 04 37 30 30 32 63 08 30 06 80 04 37 30 30 32 4E 01 00 0A 01 30
20161201 145054  00 38 A1 36 02 01 06 02 01 15 30 2E 55 04 01 11 00 05 A0 26 B0 24 6B 12 30 10 80 04 30 30 33 32 A1 08 30 06 80 04 37 30 30 32 63 08 30 06 80 04 37 30 30 32 4E 01 01 0A 01 16
20161201 145057  00 38 A1 36 02 01 07 02 01 15 30 2E 55 04 01 11 00 05 A0 26 A3 24 6B 12 30 10 80 04 30 30 33 32 A1 08 30 06 80 04 37 30 30 32 63 08 30 06 80 04 37 30 30 32 4E 01 00 0A 01 30
20161201 145100  00 38 A1 36 02 01 08 02 01 15 30 2E 55 04 01 11 00 05 A0 26 B0 24 6B 12 30 10 80 04 30 30 33 33 A1 08 30 06 80 04 37 30 30 32 63 08 30 06 80 04 37 30 30 32 4E 01 01 0A 01 16
20161201 145102  00 38 A1 36 02 01 09 02 01 15 30 2E 55 04 01 11 00 05 A0 26 A3 24 6B 12 30 10 80 04 30 30 33 33 A1 08 30 06 80 04 37 30 30 32 63 08 30 06 80 04 37 30 30 32 4E 01 00 0A 01 30
20161201 145138  00 0E A1 0C 02 01 0A 02 02 00 D3 30 03 0A 01 02
20161201 145149  00 38 A1 36 02 01 0B 02 01 15 30 2E 55 04 01 11 00 05 A0 26 B0 24 6B 12 30 10 80 04 30 30 33 34 A1 08 30 06 80 04 37 30 30 32 63 08 30 06 80 04 37 30 30 32 4E 01 01 0A 01 16
20161201 145151  00 38 A1 36 02 01 0C 02 01 15 30 2E 55 04 01 11 00 05 A0 26 A3 24 6B 12 30 10 80 04 30 30 33 34 A1 08 30 06 80 04 37 30 30 32 63 08 30 06 80 04 37 30 30 32 4E 01 00 0A 01 30
20161201 145339  00 0E A1 0C 02 01 0D 02 02 00 D3 30 03 0A 01 02
20161201 145539  00 0E A1 0C 02 01 0E 02 02 00 D3 30 03 0A 01 02
20161201 145739  00 0E A1 0C 02 01 0F 02 02 00 D3 30 03 0A 01 02
20161201 145939  00 0E A1 0C 02 01 10 02 02 00 D3 30 03 0A 01 02
20161201 150139  00 0E A1 0C 02 01 11 02 02 00 D3 30 03 0A 01 02
20161201 150340  00 0E A1 0C 02 01 12 02 02 00 D3 30 03 0A 01 02
